# Time, systemEnergy
0.000000,  2510.125102
0.000004,  2502.398158
0.000008,  2499.682941
0.000013,  2498.516120
0.000017,  2497.891559
0.000021,  2497.477091
0.000025,  2497.156184
0.000029,  2496.884543
0.000033,  2496.643372
0.000038,  2496.423564
0.000042,  2496.220075
0.000046,  2496.029764
0.000050,  2495.850498
0.000054,  2495.680725
0.000058,  2495.519267
0.000063,  2495.365193
0.000067,  2495.217744
0.000071,  2495.076293
0.000075,  2494.940308
0.000079,  2494.809332
0.000083,  2494.682968
0.000088,  2494.560864
0.000092,  2494.442713
0.000096,  2494.328236
0.000100,  2494.217184
0.000104,  2494.109332
0.000108,  2494.004474
0.000113,  2493.902426
0.000117,  2493.803015
0.000121,  2493.706084
0.000125,  2493.611490
0.000129,  2493.519100
0.000133,  2493.428790
0.000138,  2493.340447
0.000142,  2493.253964
0.000146,  2493.169245
0.000150,  2493.086198
0.000154,  2493.004737
0.000158,  2492.924784
0.000163,  2492.846264
0.000167,  2492.769110
0.000171,  2492.693256
0.000175,  2492.618642
0.000179,  2492.545211
0.000183,  2492.472912
0.000188,  2492.401692
0.000192,  2492.331508
0.000196,  2492.262313
0.000200,  2492.194069
0.000204,  2492.126734
0.000208,  2492.060274
0.000213,  2491.994654
0.000217,  2491.929842
0.000221,  2491.865807
0.000225,  2491.802520
0.000229,  2491.739954
0.000233,  2491.678084
0.000238,  2491.616885
0.000242,  2491.556335
0.000246,  2491.496411
0.000250,  2491.437093
0.000254,  2491.378361
0.000258,  2491.320198
0.000263,  2491.262585
0.000267,  2491.205506
0.000271,  2491.148945
0.000275,  2491.092887
0.000279,  2491.037317
0.000283,  2490.982222
0.000288,  2490.927588
0.000292,  2490.873404
0.000296,  2490.819658
0.000300,  2490.766338
0.000304,  2490.713433
0.000308,  2490.660934
0.000313,  2490.608829
0.000317,  2490.557110
0.000321,  2490.505769
0.000325,  2490.454795
0.000329,  2490.404180
0.000333,  2490.353918
0.000338,  2490.303999
0.000342,  2490.254417
0.000346,  2490.205165
0.000350,  2490.156235
0.000354,  2490.107622
0.000358,  2490.059318
0.000363,  2490.011318
0.000367,  2489.963617
0.000371,  2489.916207
0.000375,  2489.869084
0.000379,  2489.822242
0.000383,  2489.775677
0.000388,  2489.729383
0.000392,  2489.683356
0.000396,  2489.637591
0.000400,  2489.592084
0.000404,  2489.546829
0.000408,  2489.501824
0.000413,  2489.457064
0.000417,  2489.412545
0.000421,  2489.368262
0.000425,  2489.324214
0.000429,  2489.280395
0.000433,  2489.236802
0.000438,  2489.193433
0.000442,  2489.150283
0.000446,  2489.107349
0.000450,  2489.064629
0.000454,  2489.022118
0.000458,  2488.979815
0.000463,  2488.937716
0.000467,  2488.895819
0.000471,  2488.854120
0.000475,  2488.812618
0.000479,  2488.771308
0.000483,  2488.730190
0.000488,  2488.689260
0.000492,  2488.648515
0.000496,  2488.607954
0.000500,  2488.567575
0.000504,  2488.527374
0.000508,  2488.487350
0.000513,  2488.447501
0.000517,  2488.407823
0.000521,  2488.368317
0.000525,  2488.328978
0.000529,  2488.289806
0.000533,  2488.250798
0.000538,  2488.211953
0.000542,  2488.173268
0.000546,  2488.134742
0.000550,  2488.096373
0.000554,  2488.058160
0.000558,  2488.020099
0.000563,  2487.982191
0.000567,  2487.944433
0.000571,  2487.906823
0.000575,  2487.869361
0.000579,  2487.832044
0.000583,  2487.794871
0.000588,  2487.757840
0.000592,  2487.720950
0.000596,  2487.684200
0.000600,  2487.647588
0.000604,  2487.611113
0.000608,  2487.574773
0.000613,  2487.538567
0.000617,  2487.502494
0.000621,  2487.466552
0.000625,  2487.430740
0.000629,  2487.395058
0.000633,  2487.359503
0.000638,  2487.324075
0.000642,  2487.288772
0.000646,  2487.253593
0.000650,  2487.218538
0.000654,  2487.183604
0.000658,  2487.148791
0.000663,  2487.114098
0.000667,  2487.079523
0.000671,  2487.045067
0.000675,  2487.010726
0.000679,  2486.976502
0.000683,  2486.942392
0.000688,  2486.908396
0.000692,  2486.874512
0.000696,  2486.840740
0.000700,  2486.807079
0.000704,  2486.773528
0.000708,  2486.740085
0.000713,  2486.706751
0.000717,  2486.673524
0.000721,  2486.640403
0.000725,  2486.607388
0.000729,  2486.574477
0.000733,  2486.541671
0.000738,  2486.508967
0.000742,  2486.476365
0.000746,  2486.443865
0.000750,  2486.411466
0.000754,  2486.379166
0.000758,  2486.346965
0.000763,  2486.314863
0.000767,  2486.282858
0.000771,  2486.250951
0.000775,  2486.219139
0.000779,  2486.187423
0.000783,  2486.155802
0.000788,  2486.124275
0.000792,  2486.092841
0.000796,  2486.061500
0.000800,  2486.030252
0.000804,  2485.999094
0.000808,  2485.968028
0.000813,  2485.937052
0.000817,  2485.906165
0.000821,  2485.875367
0.000825,  2485.844658
0.000829,  2485.814036
0.000833,  2485.783502
0.000838,  2485.753054
0.000842,  2485.722692
0.000846,  2485.692415
0.000850,  2485.662224
0.000854,  2485.632117
0.000858,  2485.602093
0.000863,  2485.572153
0.000867,  2485.542295
0.000871,  2485.512520
0.000875,  2485.482826
0.000879,  2485.453214
0.000883,  2485.423682
0.000888,  2485.394230
0.000892,  2485.364858
0.000896,  2485.335565
0.000900,  2485.306351
0.000904,  2485.277215
0.000908,  2485.248156
0.000913,  2485.219175
0.000917,  2485.190271
0.000921,  2485.161443
0.000925,  2485.132691
0.000929,  2485.104014
0.000933,  2485.075412
0.000938,  2485.046885
0.000942,  2485.018432
0.000946,  2484.990053
0.000950,  2484.961747
0.000954,  2484.933514
0.000958,  2484.905353
0.000963,  2484.877264
0.000967,  2484.849247
0.000971,  2484.821301
0.000975,  2484.793426
0.000979,  2484.765622
0.000983,  2484.737888
0.000988,  2484.710223
0.000992,  2484.682627
0.000996,  2484.655101
0.001000,  2484.627643
0.001004,  2484.600253
0.001008,  2484.572931
0.001013,  2484.545677
0.001017,  2484.518490
0.001021,  2484.491369
0.001025,  2484.464315
0.001029,  2484.437327
0.001033,  2484.410405
0.001038,  2484.383548
0.001042,  2484.356756
0.001046,  2484.330029
0.001050,  2484.303366
0.001054,  2484.276767
0.001058,  2484.250232
0.001063,  2484.223761
0.001067,  2484.197352
0.001071,  2484.171007
0.001075,  2484.144724
0.001079,  2484.118503
0.001083,  2484.092344
0.001088,  2484.066246
0.001092,  2484.040210
0.001096,  2484.014235
0.001100,  2483.988321
0.001104,  2483.962466
0.001108,  2483.936673
0.001113,  2483.910938
0.001117,  2483.885264
0.001121,  2483.859648
0.001125,  2483.834092
0.001129,  2483.808594
0.001133,  2483.783155
0.001138,  2483.757774
0.001142,  2483.732451
0.001146,  2483.707186
0.001150,  2483.681978
0.001154,  2483.656827
0.001158,  2483.631732
0.001163,  2483.606695
0.001167,  2483.581714
0.001171,  2483.556788
0.001175,  2483.531919
0.001179,  2483.507105
0.001183,  2483.482347
0.001188,  2483.457644
0.001192,  2483.432995
0.001196,  2483.408401
0.001200,  2483.383862
0.001204,  2483.359377
0.001208,  2483.334945
0.001213,  2483.310568
0.001217,  2483.286243
0.001221,  2483.261972
0.001225,  2483.237754
0.001229,  2483.213589
0.001233,  2483.189476
0.001238,  2483.165415
0.001242,  2483.141407
0.001246,  2483.117450
0.001250,  2483.093546
0.001254,  2483.069692
0.001258,  2483.045890
0.001263,  2483.022139
0.001267,  2482.998438
0.001271,  2482.974789
0.001275,  2482.951189
0.001279,  2482.927640
0.001283,  2482.904141
0.001288,  2482.880691
0.001292,  2482.857292
0.001296,  2482.833941
0.001300,  2482.810640
0.001304,  2482.787387
0.001308,  2482.764184
0.001313,  2482.741029
0.001317,  2482.717922
0.001321,  2482.694864
0.001325,  2482.671854
0.001329,  2482.648891
0.001333,  2482.625976
0.001338,  2482.603109
0.001342,  2482.580289
0.001346,  2482.557516
0.001350,  2482.534790
0.001354,  2482.512111
0.001358,  2482.489478
0.001363,  2482.466891
0.001367,  2482.444351
0.001371,  2482.421857
0.001375,  2482.399408
0.001379,  2482.377006
0.001383,  2482.354648
0.001388,  2482.332337
0.001392,  2482.310070
0.001396,  2482.287848
0.001400,  2482.265671
0.001404,  2482.243539
0.001408,  2482.221451
0.001413,  2482.199408
0.001417,  2482.177408
0.001421,  2482.155453
0.001425,  2482.133541
0.001429,  2482.111674
0.001433,  2482.089849
0.001438,  2482.068068
0.001442,  2482.046331
0.001446,  2482.024636
0.001450,  2482.002984
0.001454,  2481.981375
0.001458,  2481.959809
0.001463,  2481.938284
0.001467,  2481.916803
0.001471,  2481.895363
0.001475,  2481.873965
0.001479,  2481.852609
0.001483,  2481.831295
0.001488,  2481.810023
0.001492,  2481.788791
0.001496,  2481.767601
0.001500,  2481.746452
0.001504,  2481.725344
0.001508,  2481.704277
0.001513,  2481.683251
0.001517,  2481.662265
0.001521,  2481.641319
0.001525,  2481.620414
0.001529,  2481.599549
0.001533,  2481.578724
0.001538,  2481.557938
0.001542,  2481.537192
0.001546,  2481.516486
0.001550,  2481.495820
0.001554,  2481.475192
0.001558,  2481.454604
0.001563,  2481.434055
0.001567,  2481.413544
0.001571,  2481.393073
0.001575,  2481.372640
0.001579,  2481.352246
0.001583,  2481.331890
0.001588,  2481.311572
0.001592,  2481.291292
0.001596,  2481.271051
0.001600,  2481.250847
0.001604,  2481.230681
0.001608,  2481.210552
0.001613,  2481.190461
0.001617,  2481.170408
0.001621,  2481.150392
0.001625,  2481.130413
0.001629,  2481.110471
0.001633,  2481.090565
0.001638,  2481.070697
0.001642,  2481.050865
0.001646,  2481.031070
0.001650,  2481.011311
0.001654,  2480.991589
0.001658,  2480.971902
0.001663,  2480.952252
0.001667,  2480.932638
0.001671,  2480.913059
0.001675,  2480.893516
0.001679,  2480.874009
0.001683,  2480.854538
0.001688,  2480.835101
0.001692,  2480.815700
0.001696,  2480.796335
0.001700,  2480.777004
0.001704,  2480.757708
0.001708,  2480.738447
0.001713,  2480.719221
0.001717,  2480.700029
0.001721,  2480.680872
0.001725,  2480.661749
0.001729,  2480.642661
0.001733,  2480.623607
0.001738,  2480.604586
0.001742,  2480.585600
0.001746,  2480.566648
0.001750,  2480.547729
0.001754,  2480.528844
0.001758,  2480.509993
0.001763,  2480.491175
0.001767,  2480.472391
0.001771,  2480.453639
0.001775,  2480.434921
0.001779,  2480.416236
0.001783,  2480.397584
0.001788,  2480.378965
0.001792,  2480.360378
0.001796,  2480.341824
0.001800,  2480.323303
0.001804,  2480.304814
0.001808,  2480.286358
0.001813,  2480.267933
0.001817,  2480.249541
0.001821,  2480.231181
0.001825,  2480.212853
0.001829,  2480.194557
0.001833,  2480.176293
0.001838,  2480.158060
0.001842,  2480.139859
0.001846,  2480.121689
0.001850,  2480.103551
0.001854,  2480.085444
0.001858,  2480.067369
0.001863,  2480.049324
0.001867,  2480.031311
0.001871,  2480.013328
0.001875,  2479.995377
0.001879,  2479.977456
0.001883,  2479.959565
0.001888,  2479.941706
0.001892,  2479.923877
0.001896,  2479.906078
0.001900,  2479.888310
0.001904,  2479.870572
0.001908,  2479.852864
0.001913,  2479.835186
0.001917,  2479.817538
0.001921,  2479.799920
0.001925,  2479.782331
0.001929,  2479.764773
0.001933,  2479.747244
0.001938,  2479.729745
0.001942,  2479.712275
0.001946,  2479.694834
0.001950,  2479.677423
0.001954,  2479.660041
0.001958,  2479.642688
0.001963,  2479.625365
0.001967,  2479.608070
0.001971,  2479.590804
0.001975,  2479.573567
0.001979,  2479.556358
0.001983,  2479.539178
0.001988,  2479.522027
0.001992,  2479.504905
0.001996,  2479.487810
0.002000,  2479.470744
0.002004,  2479.453706
0.002008,  2479.436697
0.002013,  2479.419715
0.002017,  2479.402762
0.002021,  2479.385836
0.002025,  2479.368938
0.002029,  2479.352069
0.002033,  2479.335226
0.002038,  2479.318412
0.002042,  2479.301625
0.002046,  2479.284865
0.002050,  2479.268133
0.002054,  2479.251428
0.002058,  2479.234750
0.002063,  2479.218100
0.002067,  2479.201476
0.002071,  2479.184880
0.002075,  2479.168311
0.002079,  2479.151768
0.002083,  2479.135252
0.002088,  2479.118763
0.002092,  2479.102301
0.002096,  2479.085865
0.002100,  2479.069456
0.002104,  2479.053073
0.002108,  2479.036716
0.002113,  2479.020386
0.002117,  2479.004082
0.002121,  2478.987805
0.002125,  2478.971553
0.002129,  2478.955327
0.002133,  2478.939127
0.002138,  2478.922953
0.002142,  2478.906805
0.002146,  2478.890683
0.002150,  2478.874586
0.002154,  2478.858515
0.002158,  2478.842470
0.002163,  2478.826450
0.002167,  2478.810455
0.002171,  2478.794486
0.002175,  2478.778542
0.002179,  2478.762623
0.002183,  2478.746729
0.002188,  2478.730860
0.002192,  2478.715016
0.002196,  2478.699198
0.002200,  2478.683404
0.002204,  2478.667635
0.002208,  2478.651890
0.002213,  2478.636170
0.002217,  2478.620475
0.002221,  2478.604805
0.002225,  2478.589159
0.002229,  2478.573537
0.002233,  2478.557940
0.002238,  2478.542366
0.002242,  2478.526818
0.002246,  2478.511293
0.002250,  2478.495792
0.002254,  2478.480316
0.002258,  2478.464863
0.002263,  2478.449434
0.002267,  2478.434030
0.002271,  2478.418648
0.002275,  2478.403291
0.002279,  2478.387957
0.002283,  2478.372647
0.002288,  2478.357361
0.002292,  2478.342098
0.002296,  2478.326858
0.002300,  2478.311642
0.002304,  2478.296449
0.002308,  2478.281279
0.002313,  2478.266132
0.002317,  2478.251009
0.002321,  2478.235909
0.002325,  2478.220831
0.002329,  2478.205777
0.002333,  2478.190745
0.002338,  2478.175736
0.002342,  2478.160750
0.002346,  2478.145787
0.002350,  2478.130846
0.002354,  2478.115928
0.002358,  2478.101033
0.002363,  2478.086160
0.002367,  2478.071309
0.002371,  2478.056481
0.002375,  2478.041675
0.002379,  2478.026892
0.002383,  2478.012130
0.002388,  2477.997391
0.002392,  2477.982674
0.002396,  2477.967978
0.002400,  2477.953305
0.002404,  2477.938654
0.002408,  2477.924025
0.002413,  2477.909417
0.002417,  2477.894831
0.002421,  2477.880267
0.002425,  2477.865724
0.002429,  2477.851204
0.002433,  2477.836704
0.002438,  2477.822226
0.002442,  2477.807770
0.002446,  2477.793335
0.002450,  2477.778921
0.002454,  2477.764529
0.002458,  2477.750158
0.002463,  2477.735808
0.002467,  2477.721479
0.002471,  2477.707171
0.002475,  2477.692884
0.002479,  2477.678618
0.002483,  2477.664373
0.002488,  2477.650149
0.002492,  2477.635946
0.002496,  2477.621763
0.002500,  2477.607601
0.002504,  2477.593460
0.002508,  2477.579340
0.002513,  2477.565240
0.002517,  2477.551160
0.002521,  2477.537101
0.002525,  2477.523062
0.002529,  2477.509044
0.002533,  2477.495046
0.002538,  2477.481068
0.002542,  2477.467111
0.002546,  2477.453173
0.002550,  2477.439256
0.002554,  2477.425359
0.002558,  2477.411482
0.002563,  2477.397625
0.002567,  2477.383787
0.002571,  2477.369970
0.002575,  2477.356172
0.002579,  2477.342394
0.002583,  2477.328636
0.002588,  2477.314898
0.002592,  2477.301179
0.002596,  2477.287480
0.002600,  2477.273800
0.002604,  2477.260140
0.002608,  2477.246499
0.002613,  2477.232878
0.002617,  2477.219276
0.002621,  2477.205693
0.002625,  2477.192129
0.002629,  2477.178585
0.002633,  2477.165060
0.002638,  2477.151554
0.002642,  2477.138067
0.002646,  2477.124599
0.002650,  2477.111150
0.002654,  2477.097720
0.002658,  2477.084309
0.002663,  2477.070917
0.002667,  2477.057544
0.002671,  2477.044189
0.002675,  2477.030853
0.002679,  2477.017536
0.002683,  2477.004237
0.002688,  2476.990957
0.002692,  2476.977695
0.002696,  2476.964452
0.002700,  2476.951228
0.002704,  2476.938021
0.002708,  2476.924834
0.002713,  2476.911664
0.002717,  2476.898513
0.002721,  2476.885380
0.002725,  2476.872265
0.002729,  2476.859168
0.002733,  2476.846090
0.002738,  2476.833029
0.002742,  2476.819987
0.002746,  2476.806962
0.002750,  2476.793956
0.002754,  2476.780967
0.002758,  2476.767996
0.002763,  2476.755043
0.002767,  2476.742108
0.002771,  2476.729190
0.002775,  2476.716290
0.002779,  2476.703408
0.002783,  2476.690544
0.002788,  2476.677697
0.002792,  2476.664867
0.002796,  2476.652055
0.002800,  2476.639261
0.002804,  2476.626483
0.002808,  2476.613724
0.002813,  2476.600981
0.002817,  2476.588256
0.002821,  2476.575548
0.002825,  2476.562857
0.002829,  2476.550184
0.002833,  2476.537527
0.002838,  2476.524888
0.002842,  2476.512265
0.002846,  2476.499660
0.002850,  2476.487072
0.002854,  2476.474500
0.002858,  2476.461946
0.002863,  2476.449408
0.002867,  2476.436887
0.002871,  2476.424383
0.002875,  2476.411895
0.002879,  2476.399425
0.002883,  2476.386971
0.002888,  2476.374533
0.002892,  2476.362112
0.002896,  2476.349708
0.002900,  2476.337320
0.002904,  2476.324949
0.002908,  2476.312594
0.002913,  2476.300256
0.002917,  2476.287933
0.002921,  2476.275628
0.002925,  2476.263338
0.002929,  2476.251065
0.002933,  2476.238808
0.002938,  2476.226567
0.002942,  2476.214342
0.002946,  2476.202133
0.002950,  2476.189941
0.002954,  2476.177764
0.002958,  2476.165603
0.002963,  2476.153459
0.002967,  2476.141330
0.002971,  2476.129217
0.002975,  2476.117120
0.002979,  2476.105039
0.002983,  2476.092974
0.002988,  2476.080924
0.002992,  2476.068890
0.002996,  2476.056872
0.003000,  2476.044869
0.003004,  2476.032882
0.003008,  2476.020910
0.003013,  2476.008954
0.003017,  2475.997014
0.003021,  2475.985089
0.003025,  2475.973179
0.003029,  2475.961285
0.003033,  2475.949406
0.003038,  2475.937543
0.003042,  2475.925695
0.003046,  2475.913862
0.003050,  2475.902044
0.003054,  2475.890241
0.003058,  2475.878454
0.003063,  2475.866682
0.003067,  2475.854924
0.003071,  2475.843182
0.003075,  2475.831455
0.003079,  2475.819743
0.003083,  2475.808046
0.003088,  2475.796364
0.003092,  2475.784696
0.003096,  2475.773044
0.003100,  2475.761406
0.003104,  2475.749783
0.003108,  2475.738175
0.003113,  2475.726581
0.003117,  2475.715003
0.003121,  2475.703439
0.003125,  2475.691889
0.003129,  2475.680354
0.003133,  2475.668834
0.003138,  2475.657328
0.003142,  2475.645837
0.003146,  2475.634360
0.003150,  2475.622898
0.003154,  2475.611450
0.003158,  2475.600016
0.003163,  2475.588597
0.003167,  2475.577192
0.003171,  2475.565801
0.003175,  2475.554425
0.003179,  2475.543063
0.003183,  2475.531715
0.003188,  2475.520381
0.003192,  2475.509061
0.003196,  2475.497756
0.003200,  2475.486464
0.003204,  2475.475186
0.003208,  2475.463923
0.003213,  2475.452673
0.003217,  2475.441438
0.003221,  2475.430216
0.003225,  2475.419008
0.003229,  2475.407814
0.003233,  2475.396634
0.003238,  2475.385468
0.003242,  2475.374315
0.003246,  2475.363176
0.003250,  2475.352051
0.003254,  2475.340939
0.003258,  2475.329841
0.003263,  2475.318757
0.003267,  2475.307687
0.003271,  2475.296629
0.003275,  2475.285586
0.003279,  2475.274556
0.003283,  2475.263539
0.003288,  2475.252536
0.003292,  2475.241546
0.003296,  2475.230570
0.003300,  2475.219607
0.003304,  2475.208657
0.003308,  2475.197721
0.003313,  2475.186797
0.003317,  2475.175887
0.003321,  2475.164991
0.003325,  2475.154107
0.003329,  2475.143237
0.003333,  2475.132380
0.003338,  2475.121535
0.003342,  2475.110704
0.003346,  2475.099886
0.003350,  2475.089081
0.003354,  2475.078289
0.003358,  2475.067510
0.003363,  2475.056744
0.003367,  2475.045991
0.003371,  2475.035250
0.003375,  2475.024523
0.003379,  2475.013808
0.003383,  2475.003106
0.003388,  2474.992417
0.003392,  2474.981741
0.003396,  2474.971077
0.003400,  2474.960426
0.003404,  2474.949788
0.003408,  2474.939162
0.003413,  2474.928549
0.003417,  2474.917948
0.003421,  2474.907360
0.003425,  2474.896785
0.003429,  2474.886222
0.003433,  2474.875672
0.003438,  2474.865134
0.003442,  2474.854608
0.003446,  2474.844095
0.003450,  2474.833594
0.003454,  2474.823106
0.003458,  2474.812629
0.003463,  2474.802166
0.003467,  2474.791714
0.003471,  2474.781275
0.003475,  2474.770848
0.003479,  2474.760433
0.003483,  2474.750030
0.003488,  2474.739639
0.003492,  2474.729261
0.003496,  2474.718894
0.003500,  2474.708540
0.003504,  2474.698198
0.003508,  2474.687867
0.003513,  2474.677549
0.003517,  2474.667243
0.003521,  2474.656948
0.003525,  2474.646666
0.003529,  2474.636395
0.003533,  2474.626136
0.003538,  2474.615889
0.003542,  2474.605654
0.003546,  2474.595431
0.003550,  2474.585219
0.003554,  2474.575020
0.003558,  2474.564832
0.003563,  2474.554655
0.003567,  2474.544491
0.003571,  2474.534337
0.003575,  2474.524196
0.003579,  2474.514066
0.003583,  2474.503948
0.003588,  2474.493841
0.003592,  2474.483746
0.003596,  2474.473662
0.003600,  2474.463590
0.003604,  2474.453529
0.003608,  2474.443480
0.003613,  2474.433442
0.003617,  2474.423416
0.003621,  2474.413400
0.003625,  2474.403397
0.003629,  2474.393404
0.003633,  2474.383423
0.003638,  2474.373453
0.003642,  2474.363494
0.003646,  2474.353547
0.003650,  2474.343611
0.003654,  2474.333685
0.003658,  2474.323771
0.003663,  2474.313869
0.003667,  2474.303977
0.003671,  2474.294096
0.003675,  2474.284227
0.003679,  2474.274368
0.003683,  2474.264521
0.003688,  2474.254684
0.003692,  2474.244859
0.003696,  2474.235044
0.003700,  2474.225241
0.003704,  2474.215448
0.003708,  2474.205666
0.003713,  2474.195895
0.003717,  2474.186135
0.003721,  2474.176386
0.003725,  2474.166647
0.003729,  2474.156919
0.003733,  2474.147202
0.003738,  2474.137496
0.003742,  2474.127801
0.003746,  2474.118116
0.003750,  2474.108442
0.003754,  2474.098778
0.003758,  2474.089125
0.003763,  2474.079483
0.003767,  2474.069851
0.003771,  2474.060230
0.003775,  2474.050619
0.003779,  2474.041019
0.003783,  2474.031430
0.003788,  2474.021851
0.003792,  2474.012282
0.003796,  2474.002724
0.003800,  2473.993176
0.003804,  2473.983638
0.003808,  2473.974111
0.003813,  2473.964595
0.003817,  2473.955088
0.003821,  2473.945592
0.003825,  2473.936106
0.003829,  2473.926631
0.003833,  2473.917166
0.003838,  2473.907711
0.003842,  2473.898266
0.003846,  2473.888831
0.003850,  2473.879407
0.003854,  2473.869992
0.003858,  2473.860588
0.003863,  2473.851194
0.003867,  2473.841810
0.003871,  2473.832436
0.003875,  2473.823072
0.003879,  2473.813719
0.003883,  2473.804375
0.003888,  2473.795041
0.003892,  2473.785717
0.003896,  2473.776403
0.003900,  2473.767099
0.003904,  2473.757805
0.003908,  2473.748521
0.003913,  2473.739246
0.003917,  2473.729982
0.003921,  2473.720727
0.003925,  2473.711482
0.003929,  2473.702247
0.003933,  2473.693022
0.003938,  2473.683807
0.003942,  2473.674601
0.003946,  2473.665405
0.003950,  2473.656218
0.003954,  2473.647042
0.003958,  2473.637875
0.003963,  2473.628717
0.003967,  2473.619569
0.003971,  2473.610431
0.003975,  2473.601303
0.003979,  2473.592184
0.003983,  2473.583074
0.003988,  2473.573974
0.003992,  2473.564884
0.003996,  2473.555803
0.004000,  2473.546731
0.004004,  2473.537669
0.004008,  2473.528617
0.004013,  2473.519574
0.004017,  2473.510540
0.004021,  2473.501515
0.004025,  2473.492500
0.004029,  2473.483495
0.004033,  2473.474498
0.004038,  2473.465511
0.004042,  2473.456534
0.004046,  2473.447565
0.004050,  2473.438606
0.004054,  2473.429656
0.004058,  2473.420715
0.004063,  2473.411783
0.004067,  2473.402861
0.004071,  2473.393948
0.004075,  2473.385044
0.004079,  2473.376149
0.004083,  2473.367263
0.004088,  2473.358386
0.004092,  2473.349518
0.004096,  2473.340660
0.004100,  2473.331810
0.004104,  2473.322970
0.004108,  2473.314138
0.004113,  2473.305315
0.004117,  2473.296502
0.004121,  2473.287697
0.004125,  2473.278901
0.004129,  2473.270115
0.004133,  2473.261337
0.004138,  2473.252568
0.004142,  2473.243808
0.004146,  2473.235056
0.004150,  2473.226314
0.004154,  2473.217580
0.004158,  2473.208856
0.004163,  2473.200140
0.004167,  2473.191432
0.004171,  2473.182734
0.004175,  2473.174044
0.004179,  2473.165363
0.004183,  2473.156691
0.004188,  2473.148027
0.004192,  2473.139372
0.004196,  2473.130726
0.004200,  2473.122088
0.004204,  2473.113459
0.004208,  2473.104838
0.004213,  2473.096226
0.004217,  2473.087623
0.004221,  2473.079028
0.004225,  2473.070442
0.004229,  2473.061864
0.004233,  2473.053295
0.004238,  2473.044734
0.004242,  2473.036182
0.004246,  2473.027638
0.004250,  2473.019103
0.004254,  2473.010576
0.004258,  2473.002058
0.004263,  2472.993547
0.004267,  2472.985046
0.004271,  2472.976552
0.004275,  2472.968067
0.004279,  2472.959591
0.004283,  2472.951122
0.004288,  2472.942662
0.004292,  2472.934210
0.004296,  2472.925767
0.004300,  2472.917331
0.004304,  2472.908904
0.004308,  2472.900486
0.004313,  2472.892075
0.004317,  2472.883673
0.004321,  2472.875278
0.004325,  2472.866892
0.004329,  2472.858514
0.004333,  2472.850144
0.004338,  2472.841783
0.004342,  2472.833429
0.004346,  2472.825084
0.004350,  2472.816746
0.004354,  2472.808417
0.004358,  2472.800095
0.004363,  2472.791782
0.004367,  2472.783477
0.004371,  2472.775179
0.004375,  2472.766890
0.004379,  2472.758609
0.004383,  2472.750335
0.004388,  2472.742070
0.004392,  2472.733812
0.004396,  2472.725563
0.004400,  2472.717321
0.004404,  2472.709087
0.004408,  2472.700861
0.004413,  2472.692643
0.004417,  2472.684432
0.004421,  2472.676230
0.004425,  2472.668035
0.004429,  2472.659848
0.004433,  2472.651669
0.004438,  2472.643498
0.004442,  2472.635334
0.004446,  2472.627178
0.004450,  2472.619030
0.004454,  2472.610889
0.004458,  2472.602757
0.004463,  2472.594631
0.004467,  2472.586514
0.004471,  2472.578404
0.004475,  2472.570302
0.004479,  2472.562207
0.004483,  2472.554121
0.004488,  2472.546041
0.004492,  2472.537969
0.004496,  2472.529905
0.004500,  2472.521848
0.004504,  2472.513799
0.004508,  2472.505758
0.004513,  2472.497724
0.004517,  2472.489697
0.004521,  2472.481678
0.004525,  2472.473666
0.004529,  2472.465662
0.004533,  2472.457665
0.004538,  2472.449676
0.004542,  2472.441694
0.004546,  2472.433720
0.004550,  2472.425752
0.004554,  2472.417793
0.004558,  2472.409840
0.004563,  2472.401895
0.004567,  2472.393958
0.004571,  2472.386027
0.004575,  2472.378104
0.004579,  2472.370188
0.004583,  2472.362280
0.004588,  2472.354379
0.004592,  2472.346485
0.004596,  2472.338598
0.004600,  2472.330718
0.004604,  2472.322846
0.004608,  2472.314981
0.004613,  2472.307123
0.004617,  2472.299272
0.004621,  2472.291429
0.004625,  2472.283592
0.004629,  2472.275763
0.004633,  2472.267941
0.004638,  2472.260126
0.004642,  2472.252318
0.004646,  2472.244517
0.004650,  2472.236723
0.004654,  2472.228937
0.004658,  2472.221157
0.004663,  2472.213384
0.004667,  2472.205619
0.004671,  2472.197860
0.004675,  2472.190108
0.004679,  2472.182364
0.004683,  2472.174626
0.004688,  2472.166896
0.004692,  2472.159172
0.004696,  2472.151455
0.004700,  2472.143745
0.004704,  2472.136042
0.004708,  2472.128346
0.004713,  2472.120657
0.004717,  2472.112975
0.004721,  2472.105299
0.004725,  2472.097631
0.004729,  2472.089969
0.004733,  2472.082314
0.004738,  2472.074666
0.004742,  2472.067025
0.004746,  2472.059390
0.004750,  2472.051762
0.004754,  2472.044141
0.004758,  2472.036527
0.004763,  2472.028920
0.004767,  2472.021319
0.004771,  2472.013725
0.004775,  2472.006138
0.004779,  2471.998557
0.004783,  2471.990983
0.004788,  2471.983416
0.004792,  2471.975855
0.004796,  2471.968301
0.004800,  2471.960754
0.004804,  2471.953213
0.004808,  2471.945679
0.004813,  2471.938151
0.004817,  2471.930631
0.004821,  2471.923116
0.004825,  2471.915608
0.004829,  2471.908107
0.004833,  2471.900613
0.004838,  2471.893124
0.004842,  2471.885643
0.004846,  2471.878168
0.004850,  2471.870699
0.004854,  2471.863237
0.004858,  2471.855781
0.004863,  2471.848332
0.004867,  2471.840889
0.004871,  2471.833453
0.004875,  2471.826023
0.004879,  2471.818600
0.004883,  2471.811183
0.004888,  2471.803772
0.004892,  2471.796368
0.004896,  2471.788970
0.004900,  2471.781578
0.004904,  2471.774193
0.004908,  2471.766814
0.004913,  2471.759442
0.004917,  2471.752076
0.004921,  2471.744716
0.004925,  2471.737362
0.004929,  2471.730015
0.004933,  2471.722674
0.004938,  2471.715339
0.004942,  2471.708011
0.004946,  2471.700688
0.004950,  2471.693372
0.004954,  2471.686063
0.004958,  2471.678759
0.004963,  2471.671462
0.004967,  2471.664170
0.004971,  2471.656885
0.004975,  2471.649607
0.004979,  2471.642334
0.004983,  2471.635067
0.004988,  2471.627807
0.004992,  2471.620553
0.004996,  2471.613304
0.005000,  2471.606062
0.005004,  2471.598826
0.005008,  2471.591596
0.005013,  2471.584373
0.005017,  2471.577155
0.005021,  2471.569943
0.005025,  2471.562738
0.005029,  2471.555538
0.005033,  2471.548344
0.005038,  2471.541157
0.005042,  2471.533975
0.005046,  2471.526799
0.005050,  2471.519630
0.005054,  2471.512466
0.005058,  2471.505308
0.005063,  2471.498157
0.005067,  2471.491011
0.005071,  2471.483871
0.005075,  2471.476737
0.005079,  2471.469609
0.005083,  2471.462487
0.005088,  2471.455371
0.005092,  2471.448260
0.005096,  2471.441156
0.005100,  2471.434057
0.005104,  2471.426964
0.005108,  2471.419877
0.005113,  2471.412796
0.005117,  2471.405721
0.005121,  2471.398651
0.005125,  2471.391588
0.005129,  2471.384530
0.005133,  2471.377478
0.005138,  2471.370431
0.005142,  2471.363391
0.005146,  2471.356356
0.005150,  2471.349327
0.005154,  2471.342303
0.005158,  2471.335286
0.005163,  2471.328274
0.005167,  2471.321267
0.005171,  2471.314267
0.005175,  2471.307272
0.005179,  2471.300283
0.005183,  2471.293299
0.005188,  2471.286321
0.005192,  2471.279349
0.005196,  2471.272383
0.005200,  2471.265422
0.005204,  2471.258466
0.005208,  2471.251517
0.005213,  2471.244573
0.005217,  2471.237634
0.005221,  2471.230701
0.005225,  2471.223774
0.005229,  2471.216852
0.005233,  2471.209936
0.005238,  2471.203025
0.005242,  2471.196120
0.005246,  2471.189220
0.005250,  2471.182326
0.005254,  2471.175437
0.005258,  2471.168554
0.005263,  2471.161676
0.005267,  2471.154804
0.005271,  2471.147938
0.005275,  2471.141076
0.005279,  2471.134221
0.005283,  2471.127370
0.005288,  2471.120525
0.005292,  2471.113686
0.005296,  2471.106852
0.005300,  2471.100023
0.005304,  2471.093200
0.005308,  2471.086382
0.005313,  2471.079569
0.005317,  2471.072762
0.005321,  2471.065961
0.005325,  2471.059164
0.005329,  2471.052373
0.005333,  2471.045587
0.005338,  2471.038807
0.005342,  2471.032032
0.005346,  2471.025262
0.005350,  2471.018498
0.005354,  2471.011739
0.005358,  2471.004985
0.005363,  2470.998236
0.005367,  2470.991493
0.005371,  2470.984755
0.005375,  2470.978022
0.005379,  2470.971294
0.005383,  2470.964572
0.005388,  2470.957855
0.005392,  2470.951143
0.005396,  2470.944436
0.005400,  2470.937734
0.005404,  2470.931038
0.005408,  2470.924347
0.005413,  2470.917661
0.005417,  2470.910980
0.005421,  2470.904305
0.005425,  2470.897634
0.005429,  2470.890969
0.005433,  2470.884308
0.005438,  2470.877653
0.005442,  2470.871003
0.005446,  2470.864359
0.005450,  2470.857719
0.005454,  2470.851084
0.005458,  2470.844454
0.005463,  2470.837830
0.005467,  2470.831210
0.005471,  2470.824596
0.005475,  2470.817987
0.005479,  2470.811382
0.005483,  2470.804783
0.005488,  2470.798189
0.005492,  2470.791599
0.005496,  2470.785015
0.005500,  2470.778436
0.005504,  2470.771862
0.005508,  2470.765292
0.005513,  2470.758728
0.005517,  2470.752169
0.005521,  2470.745614
0.005525,  2470.739065
0.005529,  2470.732521
0.005533,  2470.725981
0.005538,  2470.719446
0.005542,  2470.712917
0.005546,  2470.706392
0.005550,  2470.699872
0.005554,  2470.693357
0.005558,  2470.686847
0.005563,  2470.680342
0.005567,  2470.673841
0.005571,  2470.667346
0.005575,  2470.660855
0.005579,  2470.654370
0.005583,  2470.647889
0.005588,  2470.641413
0.005592,  2470.634941
0.005596,  2470.628475
0.005600,  2470.622013
0.005604,  2470.615557
0.005608,  2470.609105
0.005613,  2470.602657
0.005617,  2470.596215
0.005621,  2470.589777
0.005625,  2470.583344
0.005629,  2470.576916
0.005633,  2470.570493
0.005638,  2470.564074
0.005642,  2470.557660
0.005646,  2470.551251
0.005650,  2470.544847
0.005654,  2470.538447
0.005658,  2470.532052
0.005663,  2470.525661
0.005667,  2470.519276
0.005671,  2470.512895
0.005675,  2470.506518
0.005679,  2470.500147
0.005683,  2470.493780
0.005688,  2470.487418
0.005692,  2470.481060
0.005696,  2470.474707
0.005700,  2470.468359
0.005704,  2470.462015
0.005708,  2470.455676
0.005713,  2470.449341
0.005717,  2470.443011
0.005721,  2470.436686
0.005725,  2470.430365
0.005729,  2470.424049
0.005733,  2470.417737
0.005738,  2470.411430
0.005742,  2470.405128
0.005746,  2470.398830
0.005750,  2470.392537
0.005754,  2470.386248
0.005758,  2470.379964
0.005763,  2470.373684
0.005767,  2470.367409
0.005771,  2470.361138
0.005775,  2470.354872
0.005779,  2470.348610
0.005783,  2470.342353
0.005788,  2470.336100
0.005792,  2470.329852
0.005796,  2470.323608
0.005800,  2470.317368
0.005804,  2470.311134
0.005808,  2470.304903
0.005813,  2470.298677
0.005817,  2470.292456
0.005821,  2470.286238
0.005825,  2470.280026
0.005829,  2470.273817
0.005833,  2470.267614
0.005838,  2470.261414
0.005842,  2470.255219
0.005846,  2470.249028
0.005850,  2470.242842
0.005854,  2470.236660
0.005858,  2470.230482
0.005863,  2470.224309
0.005867,  2470.218140
0.005871,  2470.211976
0.005875,  2470.205816
0.005879,  2470.199660
0.005883,  2470.193508
0.005888,  2470.187361
0.005892,  2470.181218
0.005896,  2470.175080
0.005900,  2470.168945
0.005904,  2470.162815
0.005908,  2470.156690
0.005913,  2470.150568
0.005917,  2470.144451
0.005921,  2470.138338
0.005925,  2470.132230
0.005929,  2470.126125
0.005933,  2470.120025
0.005938,  2470.113929
0.005942,  2470.107838
0.005946,  2470.101750
0.005950,  2470.095667
0.005954,  2470.089588
0.005958,  2470.083513
0.005963,  2470.077443
0.005967,  2470.071377
0.005971,  2470.065314
0.005975,  2470.059256
0.005979,  2470.053203
0.005983,  2470.047153
0.005988,  2470.041108
0.005992,  2470.035066
0.005996,  2470.029029
0.006000,  2470.022996
0.006004,  2470.016967
0.006008,  2470.010943
0.006013,  2470.004922
0.006017,  2469.998906
0.006021,  2469.992893
0.006025,  2469.986885
0.006029,  2469.980881
0.006033,  2469.974881
0.006038,  2469.968885
0.006042,  2469.962893
0.006046,  2469.956905
0.006050,  2469.950921
0.006054,  2469.944942
0.006058,  2469.938966
0.006063,  2469.932995
0.006067,  2469.927027
0.006071,  2469.921064
0.006075,  2469.915104
0.006079,  2469.909149
0.006083,  2469.903198
0.006088,  2469.897250
0.006092,  2469.891307
0.006096,  2469.885368
0.006100,  2469.879432
0.006104,  2469.873501
0.006108,  2469.867574
0.006113,  2469.861650
0.006117,  2469.855731
0.006121,  2469.849815
0.006125,  2469.843904
0.006129,  2469.837996
0.006133,  2469.832093
0.006138,  2469.826193
0.006142,  2469.820298
0.006146,  2469.814406
0.006150,  2469.808518
0.006154,  2469.802634
0.006158,  2469.796754
0.006163,  2469.790878
0.006167,  2469.785006
0.006171,  2469.779138
0.006175,  2469.773274
0.006179,  2469.767413
0.006183,  2469.761557
0.006188,  2469.755704
0.006192,  2469.749855
0.006196,  2469.744010
0.006200,  2469.738169
0.006204,  2469.732332
0.006208,  2469.726499
0.006213,  2469.720669
0.006217,  2469.714843
0.006221,  2469.709022
0.006225,  2469.703204
0.006229,  2469.697389
0.006233,  2469.691579
0.006238,  2469.685772
0.006242,  2469.679970
0.006246,  2469.674171
0.006250,  2469.668375
0.006254,  2469.662584
0.006258,  2469.656796
0.006263,  2469.651012
0.006267,  2469.645232
0.006271,  2469.639456
0.006275,  2469.633684
0.006279,  2469.627915
0.006283,  2469.622150
0.006288,  2469.616388
0.006292,  2469.610631
0.006296,  2469.604877
0.006300,  2469.599127
0.006304,  2469.593380
0.006308,  2469.587638
0.006313,  2469.581899
0.006317,  2469.576164
0.006321,  2469.570432
0.006325,  2469.564704
0.006329,  2469.558980
0.006333,  2469.553260
0.006338,  2469.547543
0.006342,  2469.541830
0.006346,  2469.536120
0.006350,  2469.530414
0.006354,  2469.524712
0.006358,  2469.519014
0.006363,  2469.513319
0.006367,  2469.507628
0.006371,  2469.501940
0.006375,  2469.496256
0.006379,  2469.490576
0.006383,  2469.484899
0.006388,  2469.479226
0.006392,  2469.473557
0.006396,  2469.467891
0.006400,  2469.462228
0.006404,  2469.456570
0.006408,  2469.450915
0.006413,  2469.445263
0.006417,  2469.439615
0.006421,  2469.433971
0.006425,  2469.428330
0.006429,  2469.422693
0.006433,  2469.417059
0.006438,  2469.411429
0.006442,  2469.405803
0.006446,  2469.400180
0.006450,  2469.394560
0.006454,  2469.388944
0.006458,  2469.383332
0.006463,  2469.377723
0.006467,  2469.372118
0.006471,  2469.366516
0.006475,  2469.360918
0.006479,  2469.355323
0.006483,  2469.349732
0.006488,  2469.344144
0.006492,  2469.338559
0.006496,  2469.332979
0.006500,  2469.327401
0.006504,  2469.321827
0.006508,  2469.316257
0.006513,  2469.310690
0.006517,  2469.305126
0.006521,  2469.299566
0.006525,  2469.294010
0.006529,  2469.288457
0.006533,  2469.282907
0.006538,  2469.277361
0.006542,  2469.271818
0.006546,  2469.266278
0.006550,  2469.260742
0.006554,  2469.255210
0.006558,  2469.249680
0.006563,  2469.244155
0.006567,  2469.238632
0.006571,  2469.233113
0.006575,  2469.227598
0.006579,  2469.222086
0.006583,  2469.216577
0.006588,  2469.211071
0.006592,  2469.205569
0.006596,  2469.200071
0.006600,  2469.194575
0.006604,  2469.189083
0.006608,  2469.183595
0.006613,  2469.178109
0.006617,  2469.172627
0.006621,  2469.167149
0.006625,  2469.161674
0.006629,  2469.156202
0.006633,  2469.150733
0.006638,  2469.145268
0.006642,  2469.139806
0.006646,  2469.134347
0.006650,  2469.128892
0.006654,  2469.123440
0.006658,  2469.117991
0.006663,  2469.112546
0.006667,  2469.107104
0.006671,  2469.101665
0.006675,  2469.096229
0.006679,  2469.090797
0.006683,  2469.085368
0.006688,  2469.079942
0.006692,  2469.074520
0.006696,  2469.069100
0.006700,  2469.063684
0.006704,  2469.058272
0.006708,  2469.052862
0.006713,  2469.047456
0.006717,  2469.042053
0.006721,  2469.036653
0.006725,  2469.031256
0.006729,  2469.025863
0.006733,  2469.020473
0.006738,  2469.015086
0.006742,  2469.009702
0.006746,  2469.004322
0.006750,  2468.998944
0.006754,  2468.993570
0.006758,  2468.988199
0.006763,  2468.982832
0.006767,  2468.977467
0.006771,  2468.972106
0.006775,  2468.966748
0.006779,  2468.961393
0.006783,  2468.956041
0.006788,  2468.950692
0.006792,  2468.945347
0.006796,  2468.940004
0.006800,  2468.934665
0.006804,  2468.929329
0.006808,  2468.923996
0.006813,  2468.918666
0.006817,  2468.913339
0.006821,  2468.908016
0.006825,  2468.902695
0.006829,  2468.897378
0.006833,  2468.892064
0.006838,  2468.886753
0.006842,  2468.881445
0.006846,  2468.876140
0.006850,  2468.870838
0.006854,  2468.865539
0.006858,  2468.860244
0.006863,  2468.854951
0.006867,  2468.849662
0.006871,  2468.844375
0.006875,  2468.839092
0.006879,  2468.833812
0.006883,  2468.828535
0.006888,  2468.823260
0.006892,  2468.817989
0.006896,  2468.812721
0.006900,  2468.807456
0.006904,  2468.802195
0.006908,  2468.796936
0.006913,  2468.791680
0.006917,  2468.786427
0.006921,  2468.781177
0.006925,  2468.775930
0.006929,  2468.770687
0.006933,  2468.765446
0.006938,  2468.760208
0.006942,  2468.754974
0.006946,  2468.749742
0.006950,  2468.744513
0.006954,  2468.739287
0.006958,  2468.734065
0.006963,  2468.728845
0.006967,  2468.723628
0.006971,  2468.718414
0.006975,  2468.713204
0.006979,  2468.707996
0.006983,  2468.702791
0.006988,  2468.697589
0.006992,  2468.692390
0.006996,  2468.687194
0.007000,  2468.682001
0.007004,  2468.676811
0.007008,  2468.671624
0.007013,  2468.666440
0.007017,  2468.661258
0.007021,  2468.656080
0.007025,  2468.650905
0.007029,  2468.645732
0.007033,  2468.640563
0.007038,  2468.635396
0.007042,  2468.630232
0.007046,  2468.625071
0.007050,  2468.619913
0.007054,  2468.614758
0.007058,  2468.609606
0.007063,  2468.604457
0.007067,  2468.599311
0.007071,  2468.594167
0.007075,  2468.589027
0.007079,  2468.583889
0.007083,  2468.578754
0.007088,  2468.573622
0.007092,  2468.568493
0.007096,  2468.563367
0.007100,  2468.558243
0.007104,  2468.553123
0.007108,  2468.548005
0.007113,  2468.542890
0.007117,  2468.537779
0.007121,  2468.532669
0.007125,  2468.527563
0.007129,  2468.522460
0.007133,  2468.517359
0.007138,  2468.512261
0.007142,  2468.507166
0.007146,  2468.502074
0.007150,  2468.496985
0.007154,  2468.491898
0.007158,  2468.486814
0.007163,  2468.481734
0.007167,  2468.476655
0.007171,  2468.471580
0.007175,  2468.466508
0.007179,  2468.461438
0.007183,  2468.456371
0.007188,  2468.451307
0.007192,  2468.446245
0.007196,  2468.441187
0.007200,  2468.436131
0.007204,  2468.431078
0.007208,  2468.426027
0.007213,  2468.420980
0.007217,  2468.415935
0.007221,  2468.410893
0.007225,  2468.405854
0.007229,  2468.400817
0.007233,  2468.395783
0.007238,  2468.390752
0.007242,  2468.385724
0.007246,  2468.380698
0.007250,  2468.375675
0.007254,  2468.370655
0.007258,  2468.365638
0.007263,  2468.360623
0.007267,  2468.355611
0.007271,  2468.350602
0.007275,  2468.345595
0.007279,  2468.340591
0.007283,  2468.335590
0.007288,  2468.330592
0.007292,  2468.325596
0.007296,  2468.320603
0.007300,  2468.315612
0.007304,  2468.310625
0.007308,  2468.305640
0.007313,  2468.300657
0.007317,  2468.295677
0.007321,  2468.290700
0.007325,  2468.285726
0.007329,  2468.280754
0.007333,  2468.275785
0.007338,  2468.270819
0.007342,  2468.265855
0.007346,  2468.260894
0.007350,  2468.255936
0.007354,  2468.250980
0.007358,  2468.246027
0.007363,  2468.241076
0.007367,  2468.236128
0.007371,  2468.231183
0.007375,  2468.226241
0.007379,  2468.221301
0.007383,  2468.216363
0.007388,  2468.211428
0.007392,  2468.206496
0.007396,  2468.201567
0.007400,  2468.196640
0.007404,  2468.191715
0.007408,  2468.186794
0.007413,  2468.181875
0.007417,  2468.176958
0.007421,  2468.172044
0.007425,  2468.167133
0.007429,  2468.162224
0.007433,  2468.157318
0.007438,  2468.152414
0.007442,  2468.147513
0.007446,  2468.142614
0.007450,  2468.137719
0.007454,  2468.132825
0.007458,  2468.127934
0.007463,  2468.123046
0.007467,  2468.118161
0.007471,  2468.113277
0.007475,  2468.108397
0.007479,  2468.103519
0.007483,  2468.098643
0.007488,  2468.093770
0.007492,  2468.088900
0.007496,  2468.084032
0.007500,  2468.079167
0.007504,  2468.074304
0.007508,  2468.069443
0.007513,  2468.064586
0.007517,  2468.059730
0.007521,  2468.054878
0.007525,  2468.050027
0.007529,  2468.045180
0.007533,  2468.040334
0.007538,  2468.035492
0.007542,  2468.030651
0.007546,  2468.025814
0.007550,  2468.020978
0.007554,  2468.016146
0.007558,  2468.011315
0.007563,  2468.006488
0.007567,  2468.001662
0.007571,  2467.996839
0.007575,  2467.992019
0.007579,  2467.987201
0.007583,  2467.982386
0.007588,  2467.977573
0.007592,  2467.972762
0.007596,  2467.967954
0.007600,  2467.963149
0.007604,  2467.958346
0.007608,  2467.953545
0.007613,  2467.948747
0.007617,  2467.943951
0.007621,  2467.939157
0.007625,  2467.934367
0.007629,  2467.929578
0.007633,  2467.924792
0.007638,  2467.920008
0.007642,  2467.915227
0.007646,  2467.910448
0.007650,  2467.905672
0.007654,  2467.900898
0.007658,  2467.896127
0.007663,  2467.891357
0.007667,  2467.886591
0.007671,  2467.881826
0.007675,  2467.877064
0.007679,  2467.872305
0.007683,  2467.867548
0.007688,  2467.862793
0.007692,  2467.858041
0.007696,  2467.853291
0.007700,  2467.848543
0.007704,  2467.843798
0.007708,  2467.839055
0.007713,  2467.834315
0.007717,  2467.829577
0.007721,  2467.824841
0.007725,  2467.820108
0.007729,  2467.815377
0.007733,  2467.810648
0.007738,  2467.805922
0.007742,  2467.801198
0.007746,  2467.796477
0.007750,  2467.791757
0.007754,  2467.787041
0.007758,  2467.782326
0.007763,  2467.777614
0.007767,  2467.772904
0.007771,  2467.768197
0.007775,  2467.763492
0.007779,  2467.758789
0.007783,  2467.754088
0.007788,  2467.749390
0.007792,  2467.744694
0.007796,  2467.740001
0.007800,  2467.735310
0.007804,  2467.730621
0.007808,  2467.725934
0.007813,  2467.721250
0.007817,  2467.716568
0.007821,  2467.711888
0.007825,  2467.707211
0.007829,  2467.702536
0.007833,  2467.697863
0.007838,  2467.693193
0.007842,  2467.688525
0.007846,  2467.683859
0.007850,  2467.679195
0.007854,  2467.674534
0.007858,  2467.669875
0.007863,  2467.665218
0.007867,  2467.660563
0.007871,  2467.655911
0.007875,  2467.651261
0.007879,  2467.646614
0.007883,  2467.641968
0.007888,  2467.637325
0.007892,  2467.632684
0.007896,  2467.628045
0.007900,  2467.623409
0.007904,  2467.618775
0.007908,  2467.614143
0.007913,  2467.609513
0.007917,  2467.604886
0.007921,  2467.600260
0.007925,  2467.595637
0.007929,  2467.591017
0.007933,  2467.586398
0.007938,  2467.581782
0.007942,  2467.577168
0.007946,  2467.572556
0.007950,  2467.567946
0.007954,  2467.563339
0.007958,  2467.558734
0.007963,  2467.554131
0.007967,  2467.549530
0.007971,  2467.544932
0.007975,  2467.540335
0.007979,  2467.535741
0.007983,  2467.531149
0.007988,  2467.526559
0.007992,  2467.521972
0.007996,  2467.517386
0.008000,  2467.512803
0.008004,  2467.508222
0.008008,  2467.503644
0.008013,  2467.499067
0.008017,  2467.494492
0.008021,  2467.489920
0.008025,  2467.485350
0.008029,  2467.480782
0.008033,  2467.476216
0.008038,  2467.471653
0.008042,  2467.467091
0.008046,  2467.462532
0.008050,  2467.457975
0.008054,  2467.453420
0.008058,  2467.448867
0.008063,  2467.444317
0.008067,  2467.439768
0.008071,  2467.435222
0.008075,  2467.430677
0.008079,  2467.426135
0.008083,  2467.421595
0.008088,  2467.417058
0.008092,  2467.412522
0.008096,  2467.407988
0.008100,  2467.403457
0.008104,  2467.398928
0.008108,  2467.394401
0.008113,  2467.389876
0.008117,  2467.385353
0.008121,  2467.380832
0.008125,  2467.376313
0.008129,  2467.371797
0.008133,  2467.367282
0.008138,  2467.362770
0.008142,  2467.358260
0.008146,  2467.353751
0.008150,  2467.349245
0.008154,  2467.344741
0.008158,  2467.340240
0.008163,  2467.335740
0.008167,  2467.331242
0.008171,  2467.326746
0.008175,  2467.322253
0.008179,  2467.317762
0.008183,  2467.313272
0.008188,  2467.308785
0.008192,  2467.304300
0.008196,  2467.299817
0.008200,  2467.295336
0.008204,  2467.290857
0.008208,  2467.286380
0.008213,  2467.281905
0.008217,  2467.277432
0.008221,  2467.272961
0.008225,  2467.268493
0.008229,  2467.264026
0.008233,  2467.259561
0.008238,  2467.255099
0.008242,  2467.250639
0.008246,  2467.246180
0.008250,  2467.241724
0.008254,  2467.237269
0.008258,  2467.232817
0.008263,  2467.228367
0.008267,  2467.223919
0.008271,  2467.219472
0.008275,  2467.215028
0.008279,  2467.210586
0.008283,  2467.206146
0.008288,  2467.201708
0.008292,  2467.197272
0.008296,  2467.192838
0.008300,  2467.188406
0.008304,  2467.183976
0.008308,  2467.179548
0.008313,  2467.175122
0.008317,  2467.170698
0.008321,  2467.166276
0.008325,  2467.161856
0.008329,  2467.157438
0.008333,  2467.153022
