# Time,       mechanicalVelocity,           shiftVelocity
0.000000,  0.000000,  0.000000
0.000004,  0.000065,  0.000012
0.000008,  0.000061,  0.000034
0.000013,  0.000060,  0.000047
0.000017,  0.000059,  0.000055
0.000021,  0.000058,  0.000060
0.000025,  0.000058,  0.000063
0.000029,  0.000058,  0.000065
0.000033,  0.000058,  0.000066
0.000038,  0.000058,  0.000066
0.000042,  0.000058,  0.000066
0.000046,  0.000058,  0.000066
0.000050,  0.000058,  0.000066
0.000054,  0.000058,  0.000065
0.000058,  0.000058,  0.000065
0.000063,  0.000058,  0.000065
0.000067,  0.000058,  0.000064
0.000071,  0.000058,  0.000064
0.000075,  0.000058,  0.000063
0.000079,  0.000058,  0.000063
0.000083,  0.000058,  0.000062
0.000088,  0.000059,  0.000062
0.000092,  0.000059,  0.000061
0.000096,  0.000059,  0.000061
0.000100,  0.000059,  0.000061
0.000104,  0.000059,  0.000060
0.000108,  0.000059,  0.000060
0.000113,  0.000059,  0.000059
0.000117,  0.000059,  0.000059
0.000121,  0.000059,  0.000059
0.000125,  0.000059,  0.000058
0.000129,  0.000059,  0.000058
0.000133,  0.000059,  0.000058
0.000138,  0.000059,  0.000057
0.000142,  0.000059,  0.000057
0.000146,  0.000059,  0.000057
0.000150,  0.000059,  0.000056
0.000154,  0.000059,  0.000056
0.000158,  0.000059,  0.000056
0.000163,  0.000059,  0.000056
0.000167,  0.000059,  0.000055
0.000171,  0.000059,  0.000055
0.000175,  0.000059,  0.000055
0.000179,  0.000060,  0.000055
0.000183,  0.000060,  0.000055
0.000188,  0.000060,  0.000055
0.000192,  0.000060,  0.000054
0.000196,  0.000060,  0.000054
0.000200,  0.000060,  0.000054
0.000204,  0.000060,  0.000054
0.000208,  0.000060,  0.000054
0.000213,  0.000060,  0.000054
0.000217,  0.000060,  0.000054
0.000221,  0.000060,  0.000053
0.000225,  0.000060,  0.000053
0.000229,  0.000060,  0.000053
0.000233,  0.000060,  0.000053
0.000238,  0.000060,  0.000053
0.000242,  0.000060,  0.000053
0.000246,  0.000060,  0.000053
0.000250,  0.000060,  0.000053
0.000254,  0.000060,  0.000053
0.000258,  0.000060,  0.000053
0.000263,  0.000060,  0.000053
0.000267,  0.000060,  0.000053
0.000271,  0.000060,  0.000053
0.000275,  0.000060,  0.000053
0.000279,  0.000060,  0.000053
0.000283,  0.000060,  0.000053
0.000288,  0.000060,  0.000053
0.000292,  0.000060,  0.000053
0.000296,  0.000060,  0.000053
0.000300,  0.000060,  0.000053
0.000304,  0.000060,  0.000052
0.000308,  0.000060,  0.000052
0.000313,  0.000060,  0.000052
0.000317,  0.000060,  0.000052
0.000321,  0.000060,  0.000052
0.000325,  0.000060,  0.000052
0.000329,  0.000060,  0.000052
0.000333,  0.000060,  0.000052
0.000338,  0.000060,  0.000052
0.000342,  0.000060,  0.000052
0.000346,  0.000060,  0.000053
0.000350,  0.000060,  0.000053
0.000354,  0.000060,  0.000053
0.000358,  0.000060,  0.000053
0.000363,  0.000060,  0.000053
0.000367,  0.000060,  0.000053
0.000371,  0.000060,  0.000053
0.000375,  0.000060,  0.000053
0.000379,  0.000060,  0.000053
0.000383,  0.000060,  0.000053
0.000388,  0.000060,  0.000053
0.000392,  0.000060,  0.000053
0.000396,  0.000060,  0.000053
0.000400,  0.000060,  0.000053
0.000404,  0.000060,  0.000053
0.000408,  0.000060,  0.000053
0.000413,  0.000060,  0.000053
0.000417,  0.000060,  0.000053
0.000421,  0.000060,  0.000053
0.000425,  0.000060,  0.000053
0.000429,  0.000060,  0.000053
0.000433,  0.000061,  0.000053
0.000438,  0.000061,  0.000053
0.000442,  0.000061,  0.000053
0.000446,  0.000061,  0.000053
0.000450,  0.000061,  0.000053
0.000454,  0.000061,  0.000053
0.000458,  0.000061,  0.000053
0.000463,  0.000061,  0.000053
0.000467,  0.000061,  0.000053
0.000471,  0.000061,  0.000053
0.000475,  0.000061,  0.000053
0.000479,  0.000061,  0.000053
0.000483,  0.000061,  0.000053
0.000488,  0.000061,  0.000053
0.000492,  0.000061,  0.000053
0.000496,  0.000061,  0.000053
0.000500,  0.000061,  0.000054
0.000504,  0.000061,  0.000054
0.000508,  0.000061,  0.000054
0.000513,  0.000061,  0.000054
0.000517,  0.000061,  0.000054
0.000521,  0.000061,  0.000054
0.000525,  0.000061,  0.000054
0.000529,  0.000061,  0.000054
0.000533,  0.000061,  0.000054
0.000538,  0.000061,  0.000054
0.000542,  0.000061,  0.000054
0.000546,  0.000061,  0.000054
0.000550,  0.000061,  0.000054
0.000554,  0.000061,  0.000054
0.000558,  0.000061,  0.000054
0.000563,  0.000061,  0.000054
0.000567,  0.000061,  0.000054
0.000571,  0.000061,  0.000054
0.000575,  0.000061,  0.000054
0.000579,  0.000061,  0.000054
0.000583,  0.000061,  0.000054
0.000588,  0.000061,  0.000054
0.000592,  0.000061,  0.000054
0.000596,  0.000061,  0.000054
0.000600,  0.000061,  0.000054
0.000604,  0.000061,  0.000054
0.000608,  0.000061,  0.000054
0.000613,  0.000061,  0.000054
0.000617,  0.000061,  0.000054
0.000621,  0.000061,  0.000054
0.000625,  0.000061,  0.000054
0.000629,  0.000061,  0.000054
0.000633,  0.000061,  0.000054
0.000638,  0.000061,  0.000054
0.000642,  0.000061,  0.000054
0.000646,  0.000061,  0.000055
0.000650,  0.000061,  0.000055
0.000654,  0.000061,  0.000055
0.000658,  0.000061,  0.000055
0.000663,  0.000061,  0.000055
0.000667,  0.000061,  0.000055
0.000671,  0.000061,  0.000055
0.000675,  0.000061,  0.000055
0.000679,  0.000061,  0.000055
0.000683,  0.000061,  0.000055
0.000688,  0.000061,  0.000055
0.000692,  0.000061,  0.000055
0.000696,  0.000061,  0.000055
0.000700,  0.000061,  0.000055
0.000704,  0.000061,  0.000055
0.000708,  0.000061,  0.000055
0.000713,  0.000061,  0.000055
0.000717,  0.000061,  0.000055
0.000721,  0.000061,  0.000055
0.000725,  0.000061,  0.000055
0.000729,  0.000061,  0.000055
0.000733,  0.000061,  0.000055
0.000738,  0.000061,  0.000055
0.000742,  0.000061,  0.000055
0.000746,  0.000061,  0.000055
0.000750,  0.000061,  0.000055
0.000754,  0.000061,  0.000055
0.000758,  0.000061,  0.000055
0.000763,  0.000061,  0.000055
0.000767,  0.000061,  0.000055
0.000771,  0.000061,  0.000055
0.000775,  0.000061,  0.000055
0.000779,  0.000061,  0.000055
0.000783,  0.000061,  0.000055
0.000788,  0.000061,  0.000055
0.000792,  0.000061,  0.000055
0.000796,  0.000061,  0.000055
0.000800,  0.000061,  0.000055
0.000804,  0.000061,  0.000055
0.000808,  0.000061,  0.000055
0.000813,  0.000061,  0.000055
0.000817,  0.000061,  0.000055
0.000821,  0.000061,  0.000055
0.000825,  0.000061,  0.000055
0.000829,  0.000061,  0.000055
0.000833,  0.000061,  0.000055
0.000838,  0.000061,  0.000055
0.000842,  0.000062,  0.000055
0.000846,  0.000062,  0.000055
0.000850,  0.000062,  0.000055
0.000854,  0.000062,  0.000055
0.000858,  0.000062,  0.000055
0.000863,  0.000062,  0.000055
0.000867,  0.000062,  0.000055
0.000871,  0.000062,  0.000055
0.000875,  0.000062,  0.000055
0.000879,  0.000062,  0.000055
0.000883,  0.000062,  0.000055
0.000888,  0.000062,  0.000055
0.000892,  0.000062,  0.000055
0.000896,  0.000062,  0.000055
0.000900,  0.000062,  0.000055
0.000904,  0.000062,  0.000055
0.000908,  0.000062,  0.000055
0.000913,  0.000062,  0.000055
0.000917,  0.000062,  0.000055
0.000921,  0.000062,  0.000055
0.000925,  0.000062,  0.000055
0.000929,  0.000062,  0.000055
0.000933,  0.000062,  0.000055
0.000938,  0.000062,  0.000055
0.000942,  0.000062,  0.000055
0.000946,  0.000062,  0.000055
0.000950,  0.000062,  0.000055
0.000954,  0.000062,  0.000055
0.000958,  0.000062,  0.000055
0.000963,  0.000062,  0.000055
0.000967,  0.000062,  0.000055
0.000971,  0.000062,  0.000055
0.000975,  0.000062,  0.000055
0.000979,  0.000062,  0.000055
0.000983,  0.000062,  0.000055
0.000988,  0.000062,  0.000055
0.000992,  0.000062,  0.000055
0.000996,  0.000062,  0.000055
0.001000,  0.000062,  0.000055
0.001004,  0.000062,  0.000055
0.001008,  0.000062,  0.000055
0.001013,  0.000062,  0.000055
0.001017,  0.000062,  0.000055
0.001021,  0.000062,  0.000055
0.001025,  0.000062,  0.000055
0.001029,  0.000062,  0.000055
0.001033,  0.000062,  0.000055
0.001038,  0.000062,  0.000055
0.001042,  0.000062,  0.000055
0.001046,  0.000062,  0.000055
0.001050,  0.000062,  0.000055
0.001054,  0.000062,  0.000055
0.001058,  0.000062,  0.000055
0.001063,  0.000062,  0.000055
0.001067,  0.000062,  0.000055
0.001071,  0.000062,  0.000055
0.001075,  0.000062,  0.000055
0.001079,  0.000062,  0.000055
0.001083,  0.000062,  0.000055
0.001088,  0.000062,  0.000055
0.001092,  0.000062,  0.000055
0.001096,  0.000062,  0.000055
0.001100,  0.000062,  0.000055
0.001104,  0.000062,  0.000055
0.001108,  0.000062,  0.000055
0.001113,  0.000062,  0.000055
0.001117,  0.000062,  0.000055
0.001121,  0.000062,  0.000055
0.001125,  0.000062,  0.000055
0.001129,  0.000062,  0.000055
0.001133,  0.000062,  0.000055
0.001138,  0.000062,  0.000055
0.001142,  0.000062,  0.000055
0.001146,  0.000062,  0.000055
0.001150,  0.000062,  0.000055
0.001154,  0.000063,  0.000055
0.001158,  0.000063,  0.000055
0.001163,  0.000063,  0.000055
0.001167,  0.000063,  0.000055
0.001171,  0.000063,  0.000055
0.001175,  0.000063,  0.000055
0.001179,  0.000063,  0.000055
0.001183,  0.000063,  0.000055
0.001188,  0.000063,  0.000055
0.001192,  0.000063,  0.000055
0.001196,  0.000063,  0.000055
0.001200,  0.000063,  0.000055
0.001204,  0.000063,  0.000055
0.001208,  0.000063,  0.000055
0.001213,  0.000063,  0.000055
0.001217,  0.000063,  0.000055
0.001221,  0.000063,  0.000055
0.001225,  0.000063,  0.000055
0.001229,  0.000063,  0.000055
0.001233,  0.000063,  0.000055
0.001238,  0.000063,  0.000055
0.001242,  0.000063,  0.000055
0.001246,  0.000063,  0.000055
0.001250,  0.000063,  0.000055
0.001254,  0.000063,  0.000055
0.001258,  0.000063,  0.000055
0.001263,  0.000063,  0.000055
0.001267,  0.000063,  0.000055
0.001271,  0.000063,  0.000055
0.001275,  0.000063,  0.000055
0.001279,  0.000063,  0.000055
0.001283,  0.000063,  0.000055
0.001288,  0.000063,  0.000055
0.001292,  0.000063,  0.000055
0.001296,  0.000063,  0.000055
0.001300,  0.000063,  0.000055
0.001304,  0.000063,  0.000055
0.001308,  0.000063,  0.000055
0.001313,  0.000063,  0.000055
0.001317,  0.000063,  0.000055
0.001321,  0.000063,  0.000055
0.001325,  0.000063,  0.000055
0.001329,  0.000063,  0.000055
0.001333,  0.000063,  0.000055
0.001338,  0.000063,  0.000055
0.001342,  0.000063,  0.000055
0.001346,  0.000063,  0.000055
0.001350,  0.000063,  0.000055
0.001354,  0.000063,  0.000055
0.001358,  0.000063,  0.000055
0.001363,  0.000063,  0.000055
0.001367,  0.000063,  0.000055
0.001371,  0.000063,  0.000055
0.001375,  0.000063,  0.000055
0.001379,  0.000063,  0.000055
0.001383,  0.000063,  0.000055
0.001388,  0.000063,  0.000055
0.001392,  0.000063,  0.000055
0.001396,  0.000063,  0.000055
0.001400,  0.000063,  0.000055
0.001404,  0.000063,  0.000055
0.001408,  0.000063,  0.000055
0.001413,  0.000063,  0.000055
0.001417,  0.000064,  0.000055
0.001421,  0.000064,  0.000055
0.001425,  0.000064,  0.000055
0.001429,  0.000064,  0.000055
0.001433,  0.000064,  0.000055
0.001438,  0.000064,  0.000055
0.001442,  0.000064,  0.000055
0.001446,  0.000064,  0.000055
0.001450,  0.000064,  0.000055
0.001454,  0.000064,  0.000055
0.001458,  0.000064,  0.000055
0.001463,  0.000064,  0.000055
0.001467,  0.000064,  0.000055
0.001471,  0.000064,  0.000055
0.001475,  0.000064,  0.000055
0.001479,  0.000064,  0.000055
0.001483,  0.000064,  0.000055
0.001488,  0.000064,  0.000055
0.001492,  0.000064,  0.000055
0.001496,  0.000064,  0.000055
0.001500,  0.000064,  0.000055
0.001504,  0.000064,  0.000055
0.001508,  0.000064,  0.000055
0.001513,  0.000064,  0.000055
0.001517,  0.000064,  0.000055
0.001521,  0.000064,  0.000055
0.001525,  0.000064,  0.000055
0.001529,  0.000064,  0.000055
0.001533,  0.000064,  0.000055
0.001538,  0.000064,  0.000055
0.001542,  0.000064,  0.000055
0.001546,  0.000064,  0.000055
0.001550,  0.000064,  0.000055
0.001554,  0.000064,  0.000055
0.001558,  0.000064,  0.000055
0.001563,  0.000064,  0.000055
0.001567,  0.000064,  0.000055
0.001571,  0.000064,  0.000055
0.001575,  0.000064,  0.000055
0.001579,  0.000064,  0.000055
0.001583,  0.000064,  0.000055
0.001588,  0.000064,  0.000055
0.001592,  0.000064,  0.000055
0.001596,  0.000064,  0.000055
0.001600,  0.000064,  0.000055
0.001604,  0.000064,  0.000055
0.001608,  0.000064,  0.000055
0.001613,  0.000064,  0.000055
0.001617,  0.000064,  0.000055
0.001621,  0.000064,  0.000055
0.001625,  0.000064,  0.000055
0.001629,  0.000064,  0.000055
0.001633,  0.000064,  0.000055
0.001638,  0.000064,  0.000055
0.001642,  0.000064,  0.000055
0.001646,  0.000065,  0.000054
0.001650,  0.000065,  0.000054
0.001654,  0.000065,  0.000054
0.001658,  0.000065,  0.000054
0.001663,  0.000065,  0.000054
0.001667,  0.000065,  0.000054
0.001671,  0.000065,  0.000054
0.001675,  0.000065,  0.000054
0.001679,  0.000065,  0.000054
0.001683,  0.000065,  0.000054
0.001688,  0.000065,  0.000054
0.001692,  0.000065,  0.000054
0.001696,  0.000065,  0.000054
0.001700,  0.000065,  0.000054
0.001704,  0.000065,  0.000054
0.001708,  0.000065,  0.000054
0.001713,  0.000065,  0.000054
0.001717,  0.000065,  0.000054
0.001721,  0.000065,  0.000054
0.001725,  0.000065,  0.000054
0.001729,  0.000065,  0.000054
0.001733,  0.000065,  0.000054
0.001738,  0.000065,  0.000054
0.001742,  0.000065,  0.000054
0.001746,  0.000065,  0.000054
0.001750,  0.000065,  0.000054
0.001754,  0.000065,  0.000054
0.001758,  0.000065,  0.000054
0.001763,  0.000065,  0.000054
0.001767,  0.000065,  0.000054
0.001771,  0.000065,  0.000054
0.001775,  0.000065,  0.000054
0.001779,  0.000065,  0.000054
0.001783,  0.000065,  0.000054
0.001788,  0.000065,  0.000054
0.001792,  0.000065,  0.000054
0.001796,  0.000065,  0.000054
0.001800,  0.000065,  0.000054
0.001804,  0.000065,  0.000054
0.001808,  0.000065,  0.000054
0.001813,  0.000065,  0.000054
0.001817,  0.000065,  0.000054
0.001821,  0.000065,  0.000054
0.001825,  0.000065,  0.000054
0.001829,  0.000065,  0.000054
0.001833,  0.000065,  0.000054
0.001838,  0.000065,  0.000054
0.001842,  0.000065,  0.000054
0.001846,  0.000065,  0.000054
0.001850,  0.000065,  0.000054
0.001854,  0.000065,  0.000054
0.001858,  0.000066,  0.000054
0.001863,  0.000066,  0.000054
0.001867,  0.000066,  0.000054
0.001871,  0.000066,  0.000054
0.001875,  0.000066,  0.000054
0.001879,  0.000066,  0.000054
0.001883,  0.000066,  0.000054
0.001888,  0.000066,  0.000054
0.001892,  0.000066,  0.000054
0.001896,  0.000066,  0.000054
0.001900,  0.000066,  0.000054
0.001904,  0.000066,  0.000054
0.001908,  0.000066,  0.000054
0.001913,  0.000066,  0.000054
0.001917,  0.000066,  0.000054
0.001921,  0.000066,  0.000054
0.001925,  0.000066,  0.000054
0.001929,  0.000066,  0.000054
0.001933,  0.000066,  0.000054
0.001938,  0.000066,  0.000054
0.001942,  0.000066,  0.000054
0.001946,  0.000066,  0.000054
0.001950,  0.000066,  0.000054
0.001954,  0.000066,  0.000054
0.001958,  0.000066,  0.000054
0.001963,  0.000066,  0.000054
0.001967,  0.000066,  0.000054
0.001971,  0.000066,  0.000054
0.001975,  0.000066,  0.000054
0.001979,  0.000066,  0.000054
0.001983,  0.000066,  0.000054
0.001988,  0.000066,  0.000054
0.001992,  0.000066,  0.000054
0.001996,  0.000066,  0.000054
0.002000,  0.000066,  0.000054
0.002004,  0.000066,  0.000054
0.002008,  0.000066,  0.000054
0.002013,  0.000066,  0.000054
0.002017,  0.000066,  0.000054
0.002021,  0.000066,  0.000054
0.002025,  0.000066,  0.000054
0.002029,  0.000066,  0.000054
0.002033,  0.000066,  0.000054
0.002038,  0.000066,  0.000054
0.002042,  0.000066,  0.000054
0.002046,  0.000066,  0.000054
0.002050,  0.000066,  0.000054
0.002054,  0.000067,  0.000054
0.002058,  0.000067,  0.000053
0.002063,  0.000067,  0.000053
0.002067,  0.000067,  0.000053
0.002071,  0.000067,  0.000053
0.002075,  0.000067,  0.000053
0.002079,  0.000067,  0.000053
0.002083,  0.000067,  0.000053
0.002088,  0.000067,  0.000053
0.002092,  0.000067,  0.000053
0.002096,  0.000067,  0.000053
0.002100,  0.000067,  0.000053
0.002104,  0.000067,  0.000053
0.002108,  0.000067,  0.000053
0.002113,  0.000067,  0.000053
0.002117,  0.000067,  0.000053
0.002121,  0.000067,  0.000053
0.002125,  0.000067,  0.000053
0.002129,  0.000067,  0.000053
0.002133,  0.000067,  0.000053
0.002138,  0.000067,  0.000053
0.002142,  0.000067,  0.000053
0.002146,  0.000067,  0.000053
0.002150,  0.000067,  0.000053
0.002154,  0.000067,  0.000053
0.002158,  0.000067,  0.000053
0.002163,  0.000067,  0.000053
0.002167,  0.000067,  0.000053
0.002171,  0.000067,  0.000053
0.002175,  0.000067,  0.000053
0.002179,  0.000067,  0.000053
0.002183,  0.000067,  0.000053
0.002188,  0.000067,  0.000053
0.002192,  0.000067,  0.000053
0.002196,  0.000067,  0.000053
0.002200,  0.000067,  0.000053
0.002204,  0.000067,  0.000053
0.002208,  0.000067,  0.000053
0.002213,  0.000067,  0.000053
0.002217,  0.000067,  0.000053
0.002221,  0.000067,  0.000053
0.002225,  0.000067,  0.000053
0.002229,  0.000067,  0.000053
0.002233,  0.000067,  0.000053
0.002238,  0.000067,  0.000053
0.002242,  0.000068,  0.000053
0.002246,  0.000068,  0.000053
0.002250,  0.000068,  0.000053
0.002254,  0.000068,  0.000053
0.002258,  0.000068,  0.000053
0.002263,  0.000068,  0.000053
0.002267,  0.000068,  0.000053
0.002271,  0.000068,  0.000053
0.002275,  0.000068,  0.000053
0.002279,  0.000068,  0.000053
0.002283,  0.000068,  0.000053
0.002288,  0.000068,  0.000053
0.002292,  0.000068,  0.000053
0.002296,  0.000068,  0.000053
0.002300,  0.000068,  0.000053
0.002304,  0.000068,  0.000053
0.002308,  0.000068,  0.000053
0.002313,  0.000068,  0.000053
0.002317,  0.000068,  0.000053
0.002321,  0.000068,  0.000053
0.002325,  0.000068,  0.000053
0.002329,  0.000068,  0.000053
0.002333,  0.000068,  0.000053
0.002338,  0.000068,  0.000053
0.002342,  0.000068,  0.000053
0.002346,  0.000068,  0.000053
0.002350,  0.000068,  0.000053
0.002354,  0.000068,  0.000053
0.002358,  0.000068,  0.000053
0.002363,  0.000068,  0.000053
0.002367,  0.000068,  0.000053
0.002371,  0.000068,  0.000053
0.002375,  0.000068,  0.000053
0.002379,  0.000068,  0.000053
0.002383,  0.000068,  0.000053
0.002388,  0.000068,  0.000053
0.002392,  0.000068,  0.000053
0.002396,  0.000068,  0.000053
0.002400,  0.000068,  0.000053
0.002404,  0.000068,  0.000053
0.002408,  0.000068,  0.000053
0.002413,  0.000068,  0.000053
0.002417,  0.000068,  0.000053
0.002421,  0.000069,  0.000053
0.002425,  0.000069,  0.000053
0.002429,  0.000069,  0.000053
0.002433,  0.000069,  0.000053
0.002438,  0.000069,  0.000053
0.002442,  0.000069,  0.000053
0.002446,  0.000069,  0.000053
0.002450,  0.000069,  0.000053
0.002454,  0.000069,  0.000053
0.002458,  0.000069,  0.000053
0.002463,  0.000069,  0.000053
0.002467,  0.000069,  0.000053
0.002471,  0.000069,  0.000053
0.002475,  0.000069,  0.000053
0.002479,  0.000069,  0.000052
0.002483,  0.000069,  0.000052
0.002488,  0.000069,  0.000052
0.002492,  0.000069,  0.000052
0.002496,  0.000069,  0.000052
0.002500,  0.000069,  0.000052
0.002504,  0.000069,  0.000052
0.002508,  0.000069,  0.000052
0.002513,  0.000069,  0.000052
0.002517,  0.000069,  0.000052
0.002521,  0.000069,  0.000052
0.002525,  0.000069,  0.000052
0.002529,  0.000069,  0.000052
0.002533,  0.000069,  0.000052
0.002538,  0.000069,  0.000052
0.002542,  0.000069,  0.000052
0.002546,  0.000069,  0.000052
0.002550,  0.000069,  0.000052
0.002554,  0.000069,  0.000052
0.002558,  0.000069,  0.000052
0.002563,  0.000069,  0.000052
0.002567,  0.000069,  0.000052
0.002571,  0.000069,  0.000052
0.002575,  0.000069,  0.000052
0.002579,  0.000069,  0.000052
0.002583,  0.000069,  0.000052
0.002588,  0.000069,  0.000052
0.002592,  0.000069,  0.000052
0.002596,  0.000070,  0.000052
0.002600,  0.000070,  0.000052
0.002604,  0.000070,  0.000052
0.002608,  0.000070,  0.000052
0.002613,  0.000070,  0.000052
0.002617,  0.000070,  0.000052
0.002621,  0.000070,  0.000052
0.002625,  0.000070,  0.000052
0.002629,  0.000070,  0.000052
0.002633,  0.000070,  0.000052
0.002638,  0.000070,  0.000052
0.002642,  0.000070,  0.000052
0.002646,  0.000070,  0.000052
0.002650,  0.000070,  0.000052
0.002654,  0.000070,  0.000052
0.002658,  0.000070,  0.000052
0.002663,  0.000070,  0.000052
0.002667,  0.000070,  0.000052
0.002671,  0.000070,  0.000052
0.002675,  0.000070,  0.000052
0.002679,  0.000070,  0.000052
0.002683,  0.000070,  0.000052
0.002688,  0.000070,  0.000052
0.002692,  0.000070,  0.000052
0.002696,  0.000070,  0.000052
0.002700,  0.000070,  0.000052
0.002704,  0.000070,  0.000052
0.002708,  0.000070,  0.000052
0.002713,  0.000070,  0.000052
0.002717,  0.000070,  0.000052
0.002721,  0.000070,  0.000052
0.002725,  0.000070,  0.000052
0.002729,  0.000070,  0.000052
0.002733,  0.000070,  0.000052
0.002738,  0.000070,  0.000052
0.002742,  0.000070,  0.000052
0.002746,  0.000070,  0.000052
0.002750,  0.000070,  0.000052
0.002754,  0.000070,  0.000052
0.002758,  0.000070,  0.000052
0.002763,  0.000071,  0.000052
0.002767,  0.000071,  0.000052
0.002771,  0.000071,  0.000052
0.002775,  0.000071,  0.000052
0.002779,  0.000071,  0.000052
0.002783,  0.000071,  0.000052
0.002788,  0.000071,  0.000052
0.002792,  0.000071,  0.000052
0.002796,  0.000071,  0.000052
0.002800,  0.000071,  0.000052
0.002804,  0.000071,  0.000052
0.002808,  0.000071,  0.000052
0.002813,  0.000071,  0.000052
0.002817,  0.000071,  0.000052
0.002821,  0.000071,  0.000052
0.002825,  0.000071,  0.000052
0.002829,  0.000071,  0.000052
0.002833,  0.000071,  0.000052
0.002838,  0.000071,  0.000052
0.002842,  0.000071,  0.000052
0.002846,  0.000071,  0.000052
0.002850,  0.000071,  0.000052
0.002854,  0.000071,  0.000052
0.002858,  0.000071,  0.000052
0.002863,  0.000071,  0.000052
0.002867,  0.000071,  0.000052
0.002871,  0.000071,  0.000052
0.002875,  0.000071,  0.000052
0.002879,  0.000071,  0.000052
0.002883,  0.000071,  0.000052
0.002888,  0.000071,  0.000052
0.002892,  0.000071,  0.000052
0.002896,  0.000071,  0.000052
0.002900,  0.000071,  0.000052
0.002904,  0.000071,  0.000052
0.002908,  0.000071,  0.000052
0.002913,  0.000071,  0.000052
0.002917,  0.000071,  0.000052
0.002921,  0.000071,  0.000052
0.002925,  0.000071,  0.000052
0.002929,  0.000072,  0.000052
0.002933,  0.000072,  0.000052
0.002938,  0.000072,  0.000051
0.002942,  0.000072,  0.000051
0.002946,  0.000072,  0.000051
0.002950,  0.000072,  0.000051
0.002954,  0.000072,  0.000051
0.002958,  0.000072,  0.000051
0.002963,  0.000072,  0.000051
0.002967,  0.000072,  0.000051
0.002971,  0.000072,  0.000051
0.002975,  0.000072,  0.000051
0.002979,  0.000072,  0.000051
0.002983,  0.000072,  0.000051
0.002988,  0.000072,  0.000051
0.002992,  0.000072,  0.000051
0.002996,  0.000072,  0.000051
0.003000,  0.000072,  0.000051
0.003004,  0.000072,  0.000051
0.003008,  0.000072,  0.000051
0.003013,  0.000072,  0.000051
0.003017,  0.000072,  0.000051
0.003021,  0.000072,  0.000051
0.003025,  0.000072,  0.000051
0.003029,  0.000072,  0.000051
0.003033,  0.000072,  0.000051
0.003038,  0.000072,  0.000051
0.003042,  0.000072,  0.000051
0.003046,  0.000072,  0.000051
0.003050,  0.000072,  0.000051
0.003054,  0.000072,  0.000051
0.003058,  0.000072,  0.000051
0.003063,  0.000072,  0.000051
0.003067,  0.000072,  0.000051
0.003071,  0.000072,  0.000051
0.003075,  0.000072,  0.000051
0.003079,  0.000072,  0.000051
0.003083,  0.000072,  0.000051
0.003088,  0.000072,  0.000051
0.003092,  0.000073,  0.000051
0.003096,  0.000073,  0.000051
0.003100,  0.000073,  0.000051
0.003104,  0.000073,  0.000051
0.003108,  0.000073,  0.000051
0.003113,  0.000073,  0.000051
0.003117,  0.000073,  0.000051
0.003121,  0.000073,  0.000051
0.003125,  0.000073,  0.000051
0.003129,  0.000073,  0.000051
0.003133,  0.000073,  0.000051
0.003138,  0.000073,  0.000051
0.003142,  0.000073,  0.000051
0.003146,  0.000073,  0.000051
0.003150,  0.000073,  0.000051
0.003154,  0.000073,  0.000051
0.003158,  0.000073,  0.000051
0.003163,  0.000073,  0.000051
0.003167,  0.000073,  0.000051
0.003171,  0.000073,  0.000051
0.003175,  0.000073,  0.000051
0.003179,  0.000073,  0.000051
0.003183,  0.000073,  0.000051
0.003188,  0.000073,  0.000051
0.003192,  0.000073,  0.000051
0.003196,  0.000073,  0.000051
0.003200,  0.000073,  0.000051
0.003204,  0.000073,  0.000051
0.003208,  0.000073,  0.000051
0.003213,  0.000073,  0.000051
0.003217,  0.000073,  0.000051
0.003221,  0.000073,  0.000051
0.003225,  0.000073,  0.000051
0.003229,  0.000073,  0.000051
0.003233,  0.000073,  0.000051
0.003238,  0.000073,  0.000051
0.003242,  0.000073,  0.000051
0.003246,  0.000073,  0.000051
0.003250,  0.000073,  0.000051
0.003254,  0.000074,  0.000051
0.003258,  0.000074,  0.000051
0.003263,  0.000074,  0.000051
0.003267,  0.000074,  0.000051
0.003271,  0.000074,  0.000051
0.003275,  0.000074,  0.000051
0.003279,  0.000074,  0.000051
0.003283,  0.000074,  0.000051
0.003288,  0.000074,  0.000051
0.003292,  0.000074,  0.000051
0.003296,  0.000074,  0.000051
0.003300,  0.000074,  0.000051
0.003304,  0.000074,  0.000051
0.003308,  0.000074,  0.000051
0.003313,  0.000074,  0.000051
0.003317,  0.000074,  0.000051
0.003321,  0.000074,  0.000051
0.003325,  0.000074,  0.000051
0.003329,  0.000074,  0.000051
0.003333,  0.000074,  0.000051
0.003338,  0.000074,  0.000051
0.003342,  0.000074,  0.000051
0.003346,  0.000074,  0.000051
0.003350,  0.000074,  0.000051
0.003354,  0.000074,  0.000051
0.003358,  0.000074,  0.000051
0.003363,  0.000074,  0.000051
0.003367,  0.000074,  0.000051
0.003371,  0.000074,  0.000051
0.003375,  0.000074,  0.000051
0.003379,  0.000074,  0.000051
0.003383,  0.000074,  0.000051
0.003388,  0.000074,  0.000051
0.003392,  0.000074,  0.000051
0.003396,  0.000074,  0.000051
0.003400,  0.000074,  0.000051
0.003404,  0.000074,  0.000051
0.003408,  0.000074,  0.000051
0.003413,  0.000075,  0.000051
0.003417,  0.000075,  0.000051
0.003421,  0.000075,  0.000051
0.003425,  0.000075,  0.000051
0.003429,  0.000075,  0.000051
0.003433,  0.000075,  0.000051
0.003438,  0.000075,  0.000051
0.003442,  0.000075,  0.000051
0.003446,  0.000075,  0.000050
0.003450,  0.000075,  0.000050
0.003454,  0.000075,  0.000050
0.003458,  0.000075,  0.000050
0.003463,  0.000075,  0.000050
0.003467,  0.000075,  0.000050
0.003471,  0.000075,  0.000050
0.003475,  0.000075,  0.000050
0.003479,  0.000075,  0.000050
0.003483,  0.000075,  0.000050
0.003488,  0.000075,  0.000050
0.003492,  0.000075,  0.000050
0.003496,  0.000075,  0.000050
0.003500,  0.000075,  0.000050
0.003504,  0.000075,  0.000050
0.003508,  0.000075,  0.000050
0.003513,  0.000075,  0.000050
0.003517,  0.000075,  0.000050
0.003521,  0.000075,  0.000050
0.003525,  0.000075,  0.000050
0.003529,  0.000075,  0.000050
0.003533,  0.000075,  0.000050
0.003538,  0.000075,  0.000050
0.003542,  0.000075,  0.000050
0.003546,  0.000075,  0.000050
0.003550,  0.000075,  0.000050
0.003554,  0.000075,  0.000050
0.003558,  0.000075,  0.000050
0.003563,  0.000075,  0.000050
0.003567,  0.000075,  0.000050
0.003571,  0.000076,  0.000050
0.003575,  0.000076,  0.000050
0.003579,  0.000076,  0.000050
0.003583,  0.000076,  0.000050
0.003588,  0.000076,  0.000050
0.003592,  0.000076,  0.000050
0.003596,  0.000076,  0.000050
0.003600,  0.000076,  0.000050
0.003604,  0.000076,  0.000050
0.003608,  0.000076,  0.000050
0.003613,  0.000076,  0.000050
0.003617,  0.000076,  0.000050
0.003621,  0.000076,  0.000050
0.003625,  0.000076,  0.000050
0.003629,  0.000076,  0.000050
0.003633,  0.000076,  0.000050
0.003638,  0.000076,  0.000050
0.003642,  0.000076,  0.000050
0.003646,  0.000076,  0.000050
0.003650,  0.000076,  0.000050
0.003654,  0.000076,  0.000050
0.003658,  0.000076,  0.000050
0.003663,  0.000076,  0.000050
0.003667,  0.000076,  0.000050
0.003671,  0.000076,  0.000050
0.003675,  0.000076,  0.000050
0.003679,  0.000076,  0.000050
0.003683,  0.000076,  0.000050
0.003688,  0.000076,  0.000050
0.003692,  0.000076,  0.000050
0.003696,  0.000076,  0.000050
0.003700,  0.000076,  0.000050
0.003704,  0.000076,  0.000050
0.003708,  0.000076,  0.000050
0.003713,  0.000076,  0.000050
0.003717,  0.000076,  0.000050
0.003721,  0.000076,  0.000050
0.003725,  0.000077,  0.000050
0.003729,  0.000077,  0.000050
0.003733,  0.000077,  0.000050
0.003738,  0.000077,  0.000050
0.003742,  0.000077,  0.000050
0.003746,  0.000077,  0.000050
0.003750,  0.000077,  0.000050
0.003754,  0.000077,  0.000050
0.003758,  0.000077,  0.000050
0.003763,  0.000077,  0.000050
0.003767,  0.000077,  0.000050
0.003771,  0.000077,  0.000050
0.003775,  0.000077,  0.000050
0.003779,  0.000077,  0.000050
0.003783,  0.000077,  0.000050
0.003788,  0.000077,  0.000050
0.003792,  0.000077,  0.000050
0.003796,  0.000077,  0.000050
0.003800,  0.000077,  0.000050
0.003804,  0.000077,  0.000050
0.003808,  0.000077,  0.000050
0.003813,  0.000077,  0.000050
0.003817,  0.000077,  0.000050
0.003821,  0.000077,  0.000050
0.003825,  0.000077,  0.000050
0.003829,  0.000077,  0.000050
0.003833,  0.000077,  0.000050
0.003838,  0.000077,  0.000050
0.003842,  0.000077,  0.000050
0.003846,  0.000077,  0.000050
0.003850,  0.000077,  0.000050
0.003854,  0.000077,  0.000050
0.003858,  0.000077,  0.000050
0.003863,  0.000077,  0.000050
0.003867,  0.000077,  0.000050
0.003871,  0.000077,  0.000050
0.003875,  0.000077,  0.000050
0.003879,  0.000077,  0.000050
0.003883,  0.000078,  0.000050
0.003888,  0.000078,  0.000050
0.003892,  0.000078,  0.000050
0.003896,  0.000078,  0.000050
0.003900,  0.000078,  0.000050
0.003904,  0.000078,  0.000050
0.003908,  0.000078,  0.000050
0.003913,  0.000078,  0.000050
0.003917,  0.000078,  0.000050
0.003921,  0.000078,  0.000050
0.003925,  0.000078,  0.000050
0.003929,  0.000078,  0.000050
0.003933,  0.000078,  0.000050
0.003938,  0.000078,  0.000050
0.003942,  0.000078,  0.000050
0.003946,  0.000078,  0.000050
0.003950,  0.000078,  0.000050
0.003954,  0.000078,  0.000050
0.003958,  0.000078,  0.000050
0.003963,  0.000078,  0.000050
0.003967,  0.000078,  0.000050
0.003971,  0.000078,  0.000050
0.003975,  0.000078,  0.000050
0.003979,  0.000078,  0.000050
0.003983,  0.000078,  0.000050
0.003988,  0.000078,  0.000050
0.003992,  0.000078,  0.000050
0.003996,  0.000078,  0.000050
0.004000,  0.000078,  0.000050
0.004004,  0.000078,  0.000050
0.004008,  0.000078,  0.000050
0.004013,  0.000078,  0.000050
0.004017,  0.000078,  0.000050
0.004021,  0.000078,  0.000050
0.004025,  0.000078,  0.000050
0.004029,  0.000078,  0.000050
0.004033,  0.000078,  0.000049
0.004038,  0.000079,  0.000049
0.004042,  0.000079,  0.000049
0.004046,  0.000079,  0.000049
0.004050,  0.000079,  0.000049
0.004054,  0.000079,  0.000049
0.004058,  0.000079,  0.000049
0.004063,  0.000079,  0.000049
0.004067,  0.000079,  0.000049
0.004071,  0.000079,  0.000049
0.004075,  0.000079,  0.000049
0.004079,  0.000079,  0.000049
0.004083,  0.000079,  0.000049
0.004088,  0.000079,  0.000049
0.004092,  0.000079,  0.000049
0.004096,  0.000079,  0.000049
0.004100,  0.000079,  0.000049
0.004104,  0.000079,  0.000049
0.004108,  0.000079,  0.000049
0.004113,  0.000079,  0.000049
0.004117,  0.000079,  0.000049
0.004121,  0.000079,  0.000049
0.004125,  0.000079,  0.000049
0.004129,  0.000079,  0.000049
0.004133,  0.000079,  0.000049
0.004138,  0.000079,  0.000049
0.004142,  0.000079,  0.000049
0.004146,  0.000079,  0.000049
0.004150,  0.000079,  0.000049
0.004154,  0.000079,  0.000049
0.004158,  0.000079,  0.000049
0.004163,  0.000079,  0.000049
0.004167,  0.000079,  0.000049
0.004171,  0.000079,  0.000049
0.004175,  0.000079,  0.000049
0.004179,  0.000079,  0.000049
0.004183,  0.000079,  0.000049
0.004188,  0.000079,  0.000049
0.004192,  0.000079,  0.000049
0.004196,  0.000080,  0.000049
0.004200,  0.000080,  0.000049
0.004204,  0.000080,  0.000049
0.004208,  0.000080,  0.000049
0.004213,  0.000080,  0.000049
0.004217,  0.000080,  0.000049
0.004221,  0.000080,  0.000049
0.004225,  0.000080,  0.000049
0.004229,  0.000080,  0.000049
0.004233,  0.000080,  0.000049
0.004238,  0.000080,  0.000049
0.004242,  0.000080,  0.000049
0.004246,  0.000080,  0.000049
0.004250,  0.000080,  0.000049
0.004254,  0.000080,  0.000049
0.004258,  0.000080,  0.000049
0.004263,  0.000080,  0.000049
0.004267,  0.000080,  0.000049
0.004271,  0.000080,  0.000049
0.004275,  0.000080,  0.000049
0.004279,  0.000080,  0.000049
0.004283,  0.000080,  0.000049
0.004288,  0.000080,  0.000049
0.004292,  0.000080,  0.000049
0.004296,  0.000080,  0.000049
0.004300,  0.000080,  0.000049
0.004304,  0.000080,  0.000049
0.004308,  0.000080,  0.000049
0.004313,  0.000080,  0.000049
0.004317,  0.000080,  0.000049
0.004321,  0.000080,  0.000049
0.004325,  0.000080,  0.000049
0.004329,  0.000080,  0.000049
0.004333,  0.000080,  0.000049
0.004338,  0.000080,  0.000049
0.004342,  0.000080,  0.000049
0.004346,  0.000080,  0.000049
0.004350,  0.000081,  0.000049
0.004354,  0.000081,  0.000049
0.004358,  0.000081,  0.000049
0.004363,  0.000081,  0.000049
0.004367,  0.000081,  0.000049
0.004371,  0.000081,  0.000049
0.004375,  0.000081,  0.000049
0.004379,  0.000081,  0.000049
0.004383,  0.000081,  0.000049
0.004388,  0.000081,  0.000049
0.004392,  0.000081,  0.000049
0.004396,  0.000081,  0.000049
0.004400,  0.000081,  0.000049
0.004404,  0.000081,  0.000049
0.004408,  0.000081,  0.000049
0.004413,  0.000081,  0.000049
0.004417,  0.000081,  0.000049
0.004421,  0.000081,  0.000049
0.004425,  0.000081,  0.000049
0.004429,  0.000081,  0.000049
0.004433,  0.000081,  0.000049
0.004438,  0.000081,  0.000049
0.004442,  0.000081,  0.000049
0.004446,  0.000081,  0.000049
0.004450,  0.000081,  0.000049
0.004454,  0.000081,  0.000049
0.004458,  0.000081,  0.000049
0.004463,  0.000081,  0.000049
0.004467,  0.000081,  0.000049
0.004471,  0.000081,  0.000049
0.004475,  0.000081,  0.000049
0.004479,  0.000081,  0.000049
0.004483,  0.000081,  0.000049
0.004488,  0.000081,  0.000049
0.004492,  0.000081,  0.000049
0.004496,  0.000081,  0.000049
0.004500,  0.000081,  0.000049
0.004504,  0.000082,  0.000049
0.004508,  0.000082,  0.000049
0.004513,  0.000082,  0.000049
0.004517,  0.000082,  0.000049
0.004521,  0.000082,  0.000049
0.004525,  0.000082,  0.000049
0.004529,  0.000082,  0.000049
0.004533,  0.000082,  0.000049
0.004538,  0.000082,  0.000049
0.004542,  0.000082,  0.000049
0.004546,  0.000082,  0.000049
0.004550,  0.000082,  0.000049
0.004554,  0.000082,  0.000049
0.004558,  0.000082,  0.000049
0.004563,  0.000082,  0.000049
0.004567,  0.000082,  0.000049
0.004571,  0.000082,  0.000049
0.004575,  0.000082,  0.000049
0.004579,  0.000082,  0.000049
0.004583,  0.000082,  0.000049
0.004588,  0.000082,  0.000049
0.004592,  0.000082,  0.000049
0.004596,  0.000082,  0.000049
0.004600,  0.000082,  0.000049
0.004604,  0.000082,  0.000049
0.004608,  0.000082,  0.000049
0.004613,  0.000082,  0.000049
0.004617,  0.000082,  0.000049
0.004621,  0.000082,  0.000049
0.004625,  0.000082,  0.000049
0.004629,  0.000082,  0.000049
0.004633,  0.000082,  0.000049
0.004638,  0.000082,  0.000049
0.004642,  0.000082,  0.000049
0.004646,  0.000082,  0.000049
0.004650,  0.000082,  0.000049
0.004654,  0.000082,  0.000049
0.004658,  0.000082,  0.000049
0.004663,  0.000083,  0.000049
0.004667,  0.000083,  0.000049
0.004671,  0.000083,  0.000049
0.004675,  0.000083,  0.000049
0.004679,  0.000083,  0.000049
0.004683,  0.000083,  0.000049
0.004688,  0.000083,  0.000049
0.004692,  0.000083,  0.000049
0.004696,  0.000083,  0.000049
0.004700,  0.000083,  0.000049
0.004704,  0.000083,  0.000049
0.004708,  0.000083,  0.000049
0.004713,  0.000083,  0.000049
0.004717,  0.000083,  0.000048
0.004721,  0.000083,  0.000048
0.004725,  0.000083,  0.000048
0.004729,  0.000083,  0.000048
0.004733,  0.000083,  0.000048
0.004738,  0.000083,  0.000048
0.004742,  0.000083,  0.000048
0.004746,  0.000083,  0.000048
0.004750,  0.000083,  0.000048
0.004754,  0.000083,  0.000048
0.004758,  0.000083,  0.000048
0.004763,  0.000083,  0.000048
0.004767,  0.000083,  0.000048
0.004771,  0.000083,  0.000048
0.004775,  0.000083,  0.000048
0.004779,  0.000083,  0.000048
0.004783,  0.000083,  0.000048
0.004788,  0.000083,  0.000048
0.004792,  0.000083,  0.000048
0.004796,  0.000083,  0.000048
0.004800,  0.000083,  0.000048
0.004804,  0.000083,  0.000048
0.004808,  0.000083,  0.000048
0.004813,  0.000083,  0.000048
0.004817,  0.000083,  0.000048
0.004821,  0.000084,  0.000048
0.004825,  0.000084,  0.000048
0.004829,  0.000084,  0.000048
0.004833,  0.000084,  0.000048
0.004838,  0.000084,  0.000048
0.004842,  0.000084,  0.000048
0.004846,  0.000084,  0.000048
0.004850,  0.000084,  0.000048
0.004854,  0.000084,  0.000048
0.004858,  0.000084,  0.000048
0.004863,  0.000084,  0.000048
0.004867,  0.000084,  0.000048
0.004871,  0.000084,  0.000048
0.004875,  0.000084,  0.000048
0.004879,  0.000084,  0.000048
0.004883,  0.000084,  0.000048
0.004888,  0.000084,  0.000048
0.004892,  0.000084,  0.000048
0.004896,  0.000084,  0.000048
0.004900,  0.000084,  0.000048
0.004904,  0.000084,  0.000048
0.004908,  0.000084,  0.000048
0.004913,  0.000084,  0.000048
0.004917,  0.000084,  0.000048
0.004921,  0.000084,  0.000048
0.004925,  0.000084,  0.000048
0.004929,  0.000084,  0.000048
0.004933,  0.000084,  0.000048
0.004938,  0.000084,  0.000048
0.004942,  0.000084,  0.000048
0.004946,  0.000084,  0.000048
0.004950,  0.000084,  0.000048
0.004954,  0.000084,  0.000048
0.004958,  0.000084,  0.000048
0.004963,  0.000084,  0.000048
0.004967,  0.000084,  0.000048
0.004971,  0.000084,  0.000048
0.004975,  0.000084,  0.000048
0.004979,  0.000085,  0.000048
0.004983,  0.000085,  0.000048
0.004988,  0.000085,  0.000048
0.004992,  0.000085,  0.000048
0.004996,  0.000085,  0.000048
0.005000,  0.000085,  0.000048
0.005004,  0.000085,  0.000048
0.005008,  0.000085,  0.000048
0.005013,  0.000085,  0.000048
0.005017,  0.000085,  0.000048
0.005021,  0.000085,  0.000048
0.005025,  0.000085,  0.000048
0.005029,  0.000085,  0.000048
0.005033,  0.000085,  0.000048
0.005038,  0.000085,  0.000048
0.005042,  0.000085,  0.000048
0.005046,  0.000085,  0.000048
0.005050,  0.000085,  0.000048
0.005054,  0.000085,  0.000048
0.005058,  0.000085,  0.000048
0.005063,  0.000085,  0.000048
0.005067,  0.000085,  0.000048
0.005071,  0.000085,  0.000048
0.005075,  0.000085,  0.000048
0.005079,  0.000085,  0.000048
0.005083,  0.000085,  0.000048
0.005088,  0.000085,  0.000048
0.005092,  0.000085,  0.000048
0.005096,  0.000085,  0.000048
0.005100,  0.000085,  0.000048
0.005104,  0.000085,  0.000048
0.005108,  0.000085,  0.000048
0.005113,  0.000085,  0.000048
0.005117,  0.000085,  0.000048
0.005121,  0.000085,  0.000048
0.005125,  0.000085,  0.000048
0.005129,  0.000085,  0.000048
0.005133,  0.000085,  0.000048
0.005138,  0.000086,  0.000048
0.005142,  0.000086,  0.000048
0.005146,  0.000086,  0.000048
0.005150,  0.000086,  0.000048
0.005154,  0.000086,  0.000048
0.005158,  0.000086,  0.000048
0.005163,  0.000086,  0.000048
0.005167,  0.000086,  0.000048
0.005171,  0.000086,  0.000048
0.005175,  0.000086,  0.000048
0.005179,  0.000086,  0.000048
0.005183,  0.000086,  0.000048
0.005188,  0.000086,  0.000048
0.005192,  0.000086,  0.000048
0.005196,  0.000086,  0.000048
0.005200,  0.000086,  0.000048
0.005204,  0.000086,  0.000048
0.005208,  0.000086,  0.000048
0.005213,  0.000086,  0.000048
0.005217,  0.000086,  0.000048
0.005221,  0.000086,  0.000048
0.005225,  0.000086,  0.000048
0.005229,  0.000086,  0.000048
0.005233,  0.000086,  0.000048
0.005238,  0.000086,  0.000048
0.005242,  0.000086,  0.000048
0.005246,  0.000086,  0.000048
0.005250,  0.000086,  0.000048
0.005254,  0.000086,  0.000048
0.005258,  0.000086,  0.000048
0.005263,  0.000086,  0.000048
0.005267,  0.000086,  0.000048
0.005271,  0.000086,  0.000048
0.005275,  0.000086,  0.000048
0.005279,  0.000086,  0.000048
0.005283,  0.000086,  0.000048
0.005288,  0.000086,  0.000048
0.005292,  0.000086,  0.000048
0.005296,  0.000087,  0.000048
0.005300,  0.000087,  0.000048
0.005304,  0.000087,  0.000048
0.005308,  0.000087,  0.000048
0.005313,  0.000087,  0.000048
0.005317,  0.000087,  0.000048
0.005321,  0.000087,  0.000048
0.005325,  0.000087,  0.000048
0.005329,  0.000087,  0.000048
0.005333,  0.000087,  0.000048
0.005338,  0.000087,  0.000048
0.005342,  0.000087,  0.000048
0.005346,  0.000087,  0.000048
0.005350,  0.000087,  0.000048
0.005354,  0.000087,  0.000048
0.005358,  0.000087,  0.000048
0.005363,  0.000087,  0.000048
0.005367,  0.000087,  0.000048
0.005371,  0.000087,  0.000048
0.005375,  0.000087,  0.000048
0.005379,  0.000087,  0.000048
0.005383,  0.000087,  0.000048
0.005388,  0.000087,  0.000048
0.005392,  0.000087,  0.000048
0.005396,  0.000087,  0.000048
0.005400,  0.000087,  0.000048
0.005404,  0.000087,  0.000048
0.005408,  0.000087,  0.000048
0.005413,  0.000087,  0.000048
0.005417,  0.000087,  0.000048
0.005421,  0.000087,  0.000048
0.005425,  0.000087,  0.000048
0.005429,  0.000087,  0.000048
0.005433,  0.000087,  0.000048
0.005438,  0.000087,  0.000048
0.005442,  0.000087,  0.000048
0.005446,  0.000087,  0.000048
0.005450,  0.000087,  0.000048
0.005454,  0.000088,  0.000048
0.005458,  0.000088,  0.000048
0.005463,  0.000088,  0.000048
0.005467,  0.000088,  0.000048
0.005471,  0.000088,  0.000048
0.005475,  0.000088,  0.000048
0.005479,  0.000088,  0.000048
0.005483,  0.000088,  0.000048
0.005488,  0.000088,  0.000048
0.005492,  0.000088,  0.000048
0.005496,  0.000088,  0.000048
0.005500,  0.000088,  0.000048
0.005504,  0.000088,  0.000048
0.005508,  0.000088,  0.000048
0.005513,  0.000088,  0.000048
0.005517,  0.000088,  0.000048
0.005521,  0.000088,  0.000047
0.005525,  0.000088,  0.000047
0.005529,  0.000088,  0.000047
0.005533,  0.000088,  0.000047
0.005538,  0.000088,  0.000047
0.005542,  0.000088,  0.000047
0.005546,  0.000088,  0.000047
0.005550,  0.000088,  0.000047
0.005554,  0.000088,  0.000047
0.005558,  0.000088,  0.000047
0.005563,  0.000088,  0.000047
0.005567,  0.000088,  0.000047
0.005571,  0.000088,  0.000047
0.005575,  0.000088,  0.000047
0.005579,  0.000088,  0.000047
0.005583,  0.000088,  0.000047
0.005588,  0.000088,  0.000047
0.005592,  0.000088,  0.000047
0.005596,  0.000088,  0.000047
0.005600,  0.000088,  0.000047
0.005604,  0.000088,  0.000047
0.005608,  0.000088,  0.000047
0.005613,  0.000088,  0.000047
0.005617,  0.000089,  0.000047
0.005621,  0.000089,  0.000047
0.005625,  0.000089,  0.000047
0.005629,  0.000089,  0.000047
0.005633,  0.000089,  0.000047
0.005638,  0.000089,  0.000047
0.005642,  0.000089,  0.000047
0.005646,  0.000089,  0.000047
0.005650,  0.000089,  0.000047
0.005654,  0.000089,  0.000047
0.005658,  0.000089,  0.000047
0.005663,  0.000089,  0.000047
0.005667,  0.000089,  0.000047
0.005671,  0.000089,  0.000047
0.005675,  0.000089,  0.000047
0.005679,  0.000089,  0.000047
0.005683,  0.000089,  0.000047
0.005688,  0.000089,  0.000047
0.005692,  0.000089,  0.000047
0.005696,  0.000089,  0.000047
0.005700,  0.000089,  0.000047
0.005704,  0.000089,  0.000047
0.005708,  0.000089,  0.000047
0.005713,  0.000089,  0.000047
0.005717,  0.000089,  0.000047
0.005721,  0.000089,  0.000047
0.005725,  0.000089,  0.000047
0.005729,  0.000089,  0.000047
0.005733,  0.000089,  0.000047
0.005738,  0.000089,  0.000047
0.005742,  0.000089,  0.000047
0.005746,  0.000089,  0.000047
0.005750,  0.000089,  0.000047
0.005754,  0.000089,  0.000047
0.005758,  0.000089,  0.000047
0.005763,  0.000089,  0.000047
0.005767,  0.000089,  0.000047
0.005771,  0.000089,  0.000047
0.005775,  0.000089,  0.000047
0.005779,  0.000090,  0.000047
0.005783,  0.000090,  0.000047
0.005788,  0.000090,  0.000047
0.005792,  0.000090,  0.000047
0.005796,  0.000090,  0.000047
0.005800,  0.000090,  0.000047
0.005804,  0.000090,  0.000047
0.005808,  0.000090,  0.000047
0.005813,  0.000090,  0.000047
0.005817,  0.000090,  0.000047
0.005821,  0.000090,  0.000047
0.005825,  0.000090,  0.000047
0.005829,  0.000090,  0.000047
0.005833,  0.000090,  0.000047
0.005838,  0.000090,  0.000047
0.005842,  0.000090,  0.000047
0.005846,  0.000090,  0.000047
0.005850,  0.000090,  0.000047
0.005854,  0.000090,  0.000047
0.005858,  0.000090,  0.000047
0.005863,  0.000090,  0.000047
0.005867,  0.000090,  0.000047
0.005871,  0.000090,  0.000047
0.005875,  0.000090,  0.000047
0.005879,  0.000090,  0.000047
0.005883,  0.000090,  0.000047
0.005888,  0.000090,  0.000047
0.005892,  0.000090,  0.000047
0.005896,  0.000090,  0.000047
0.005900,  0.000090,  0.000047
0.005904,  0.000090,  0.000047
0.005908,  0.000090,  0.000047
0.005913,  0.000090,  0.000047
0.005917,  0.000090,  0.000047
0.005921,  0.000090,  0.000047
0.005925,  0.000090,  0.000047
0.005929,  0.000090,  0.000047
0.005933,  0.000090,  0.000047
0.005938,  0.000090,  0.000047
0.005942,  0.000090,  0.000047
0.005946,  0.000091,  0.000047
0.005950,  0.000091,  0.000047
0.005954,  0.000091,  0.000047
0.005958,  0.000091,  0.000047
0.005963,  0.000091,  0.000047
0.005967,  0.000091,  0.000047
0.005971,  0.000091,  0.000047
0.005975,  0.000091,  0.000047
0.005979,  0.000091,  0.000047
0.005983,  0.000091,  0.000047
0.005988,  0.000091,  0.000047
0.005992,  0.000091,  0.000047
0.005996,  0.000091,  0.000047
0.006000,  0.000091,  0.000047
0.006004,  0.000091,  0.000047
0.006008,  0.000091,  0.000047
0.006013,  0.000091,  0.000047
0.006017,  0.000091,  0.000047
0.006021,  0.000091,  0.000047
0.006025,  0.000091,  0.000047
0.006029,  0.000091,  0.000047
0.006033,  0.000091,  0.000047
0.006038,  0.000091,  0.000047
0.006042,  0.000091,  0.000047
0.006046,  0.000091,  0.000047
0.006050,  0.000091,  0.000047
0.006054,  0.000091,  0.000047
0.006058,  0.000091,  0.000047
0.006063,  0.000091,  0.000047
0.006067,  0.000091,  0.000047
0.006071,  0.000091,  0.000047
0.006075,  0.000091,  0.000047
0.006079,  0.000091,  0.000047
0.006083,  0.000091,  0.000047
0.006088,  0.000091,  0.000047
0.006092,  0.000091,  0.000047
0.006096,  0.000091,  0.000047
0.006100,  0.000091,  0.000047
0.006104,  0.000091,  0.000047
0.006108,  0.000091,  0.000047
0.006113,  0.000092,  0.000047
0.006117,  0.000092,  0.000047
0.006121,  0.000092,  0.000047
0.006125,  0.000092,  0.000047
0.006129,  0.000092,  0.000047
0.006133,  0.000092,  0.000047
0.006138,  0.000092,  0.000047
0.006142,  0.000092,  0.000047
0.006146,  0.000092,  0.000047
0.006150,  0.000092,  0.000047
0.006154,  0.000092,  0.000047
0.006158,  0.000092,  0.000047
0.006163,  0.000092,  0.000047
0.006167,  0.000092,  0.000047
0.006171,  0.000092,  0.000047
0.006175,  0.000092,  0.000047
0.006179,  0.000092,  0.000047
0.006183,  0.000092,  0.000047
0.006188,  0.000092,  0.000047
0.006192,  0.000092,  0.000047
0.006196,  0.000092,  0.000047
0.006200,  0.000092,  0.000047
0.006204,  0.000092,  0.000047
0.006208,  0.000092,  0.000047
0.006213,  0.000092,  0.000047
0.006217,  0.000092,  0.000047
0.006221,  0.000092,  0.000047
0.006225,  0.000092,  0.000047
0.006229,  0.000092,  0.000047
0.006233,  0.000092,  0.000047
0.006238,  0.000092,  0.000047
0.006242,  0.000092,  0.000047
0.006246,  0.000092,  0.000047
0.006250,  0.000092,  0.000047
0.006254,  0.000092,  0.000047
0.006258,  0.000092,  0.000047
0.006263,  0.000092,  0.000047
0.006267,  0.000092,  0.000047
0.006271,  0.000092,  0.000047
0.006275,  0.000092,  0.000047
0.006279,  0.000093,  0.000047
0.006283,  0.000093,  0.000047
0.006288,  0.000093,  0.000047
0.006292,  0.000093,  0.000047
0.006296,  0.000093,  0.000047
0.006300,  0.000093,  0.000047
0.006304,  0.000093,  0.000047
0.006308,  0.000093,  0.000047
0.006313,  0.000093,  0.000047
0.006317,  0.000093,  0.000047
0.006321,  0.000093,  0.000047
0.006325,  0.000093,  0.000047
0.006329,  0.000093,  0.000047
0.006333,  0.000093,  0.000047
0.006338,  0.000093,  0.000047
0.006342,  0.000093,  0.000047
0.006346,  0.000093,  0.000047
0.006350,  0.000093,  0.000047
0.006354,  0.000093,  0.000047
0.006358,  0.000093,  0.000047
0.006363,  0.000093,  0.000047
0.006367,  0.000093,  0.000047
0.006371,  0.000093,  0.000047
0.006375,  0.000093,  0.000047
0.006379,  0.000093,  0.000047
0.006383,  0.000093,  0.000047
0.006388,  0.000093,  0.000047
0.006392,  0.000093,  0.000047
0.006396,  0.000093,  0.000047
0.006400,  0.000093,  0.000047
0.006404,  0.000093,  0.000047
0.006408,  0.000093,  0.000047
0.006413,  0.000093,  0.000047
0.006417,  0.000093,  0.000047
0.006421,  0.000093,  0.000047
0.006425,  0.000093,  0.000047
0.006429,  0.000093,  0.000047
0.006433,  0.000093,  0.000047
0.006438,  0.000093,  0.000047
0.006442,  0.000093,  0.000047
0.006446,  0.000093,  0.000047
0.006450,  0.000094,  0.000047
0.006454,  0.000094,  0.000047
0.006458,  0.000094,  0.000047
0.006463,  0.000094,  0.000047
0.006467,  0.000094,  0.000047
0.006471,  0.000094,  0.000046
0.006475,  0.000094,  0.000046
0.006479,  0.000094,  0.000046
0.006483,  0.000094,  0.000046
0.006488,  0.000094,  0.000046
0.006492,  0.000094,  0.000046
0.006496,  0.000094,  0.000046
0.006500,  0.000094,  0.000046
0.006504,  0.000094,  0.000046
0.006508,  0.000094,  0.000046
0.006513,  0.000094,  0.000046
0.006517,  0.000094,  0.000046
0.006521,  0.000094,  0.000046
0.006525,  0.000094,  0.000046
0.006529,  0.000094,  0.000046
0.006533,  0.000094,  0.000046
0.006538,  0.000094,  0.000046
0.006542,  0.000094,  0.000046
0.006546,  0.000094,  0.000046
0.006550,  0.000094,  0.000046
0.006554,  0.000094,  0.000046
0.006558,  0.000094,  0.000046
0.006563,  0.000094,  0.000046
0.006567,  0.000094,  0.000046
0.006571,  0.000094,  0.000046
0.006575,  0.000094,  0.000046
0.006579,  0.000094,  0.000046
0.006583,  0.000094,  0.000046
0.006588,  0.000094,  0.000046
0.006592,  0.000094,  0.000046
0.006596,  0.000094,  0.000046
0.006600,  0.000094,  0.000046
0.006604,  0.000094,  0.000046
0.006608,  0.000094,  0.000046
0.006613,  0.000094,  0.000046
0.006617,  0.000094,  0.000046
0.006621,  0.000095,  0.000046
0.006625,  0.000095,  0.000046
0.006629,  0.000095,  0.000046
0.006633,  0.000095,  0.000046
0.006638,  0.000095,  0.000046
0.006642,  0.000095,  0.000046
0.006646,  0.000095,  0.000046
0.006650,  0.000095,  0.000046
0.006654,  0.000095,  0.000046
0.006658,  0.000095,  0.000046
0.006663,  0.000095,  0.000046
0.006667,  0.000095,  0.000046
0.006671,  0.000095,  0.000046
0.006675,  0.000095,  0.000046
0.006679,  0.000095,  0.000046
0.006683,  0.000095,  0.000046
0.006688,  0.000095,  0.000046
0.006692,  0.000095,  0.000046
0.006696,  0.000095,  0.000046
0.006700,  0.000095,  0.000046
0.006704,  0.000095,  0.000046
0.006708,  0.000095,  0.000046
0.006713,  0.000095,  0.000046
0.006717,  0.000095,  0.000046
0.006721,  0.000095,  0.000046
0.006725,  0.000095,  0.000046
0.006729,  0.000095,  0.000046
0.006733,  0.000095,  0.000046
0.006738,  0.000095,  0.000046
0.006742,  0.000095,  0.000046
0.006746,  0.000095,  0.000046
0.006750,  0.000095,  0.000046
0.006754,  0.000095,  0.000046
0.006758,  0.000095,  0.000046
0.006763,  0.000095,  0.000046
0.006767,  0.000095,  0.000046
0.006771,  0.000095,  0.000046
0.006775,  0.000095,  0.000046
0.006779,  0.000095,  0.000046
0.006783,  0.000095,  0.000046
0.006788,  0.000095,  0.000046
0.006792,  0.000096,  0.000046
0.006796,  0.000096,  0.000046
0.006800,  0.000096,  0.000046
0.006804,  0.000096,  0.000046
0.006808,  0.000096,  0.000046
0.006813,  0.000096,  0.000046
0.006817,  0.000096,  0.000046
0.006821,  0.000096,  0.000046
0.006825,  0.000096,  0.000046
0.006829,  0.000096,  0.000046
0.006833,  0.000096,  0.000046
0.006838,  0.000096,  0.000046
0.006842,  0.000096,  0.000046
0.006846,  0.000096,  0.000046
0.006850,  0.000096,  0.000046
0.006854,  0.000096,  0.000046
0.006858,  0.000096,  0.000046
0.006863,  0.000096,  0.000046
0.006867,  0.000096,  0.000046
0.006871,  0.000096,  0.000046
0.006875,  0.000096,  0.000046
0.006879,  0.000096,  0.000046
0.006883,  0.000096,  0.000046
0.006888,  0.000096,  0.000046
0.006892,  0.000096,  0.000046
0.006896,  0.000096,  0.000046
0.006900,  0.000096,  0.000046
0.006904,  0.000096,  0.000046
0.006908,  0.000096,  0.000046
0.006913,  0.000096,  0.000046
0.006917,  0.000096,  0.000046
0.006921,  0.000096,  0.000046
0.006925,  0.000096,  0.000046
0.006929,  0.000096,  0.000046
0.006933,  0.000096,  0.000046
0.006938,  0.000096,  0.000046
0.006942,  0.000096,  0.000046
0.006946,  0.000096,  0.000046
0.006950,  0.000096,  0.000046
0.006954,  0.000096,  0.000046
0.006958,  0.000096,  0.000046
0.006963,  0.000096,  0.000046
0.006967,  0.000097,  0.000046
0.006971,  0.000097,  0.000046
0.006975,  0.000097,  0.000046
0.006979,  0.000097,  0.000046
0.006983,  0.000097,  0.000046
0.006988,  0.000097,  0.000046
0.006992,  0.000097,  0.000046
0.006996,  0.000097,  0.000046
0.007000,  0.000097,  0.000046
0.007004,  0.000097,  0.000046
0.007008,  0.000097,  0.000046
0.007013,  0.000097,  0.000046
0.007017,  0.000097,  0.000046
0.007021,  0.000097,  0.000046
0.007025,  0.000097,  0.000046
0.007029,  0.000097,  0.000046
0.007033,  0.000097,  0.000046
0.007038,  0.000097,  0.000046
0.007042,  0.000097,  0.000046
0.007046,  0.000097,  0.000046
0.007050,  0.000097,  0.000046
0.007054,  0.000097,  0.000046
0.007058,  0.000097,  0.000046
0.007063,  0.000097,  0.000046
0.007067,  0.000097,  0.000046
0.007071,  0.000097,  0.000046
0.007075,  0.000097,  0.000046
0.007079,  0.000097,  0.000046
0.007083,  0.000097,  0.000046
0.007088,  0.000097,  0.000046
0.007092,  0.000097,  0.000046
0.007096,  0.000097,  0.000046
0.007100,  0.000097,  0.000046
0.007104,  0.000097,  0.000046
0.007108,  0.000097,  0.000046
0.007113,  0.000097,  0.000046
0.007117,  0.000097,  0.000046
0.007121,  0.000097,  0.000046
0.007125,  0.000097,  0.000046
0.007129,  0.000097,  0.000046
0.007133,  0.000097,  0.000046
0.007138,  0.000097,  0.000046
0.007142,  0.000097,  0.000046
0.007146,  0.000098,  0.000046
0.007150,  0.000098,  0.000046
0.007154,  0.000098,  0.000046
0.007158,  0.000098,  0.000046
0.007163,  0.000098,  0.000046
0.007167,  0.000098,  0.000046
0.007171,  0.000098,  0.000046
0.007175,  0.000098,  0.000046
0.007179,  0.000098,  0.000046
0.007183,  0.000098,  0.000046
0.007188,  0.000098,  0.000046
0.007192,  0.000098,  0.000046
0.007196,  0.000098,  0.000046
0.007200,  0.000098,  0.000046
0.007204,  0.000098,  0.000046
0.007208,  0.000098,  0.000046
0.007213,  0.000098,  0.000046
0.007217,  0.000098,  0.000046
0.007221,  0.000098,  0.000046
0.007225,  0.000098,  0.000046
0.007229,  0.000098,  0.000046
0.007233,  0.000098,  0.000046
0.007238,  0.000098,  0.000046
0.007242,  0.000098,  0.000046
0.007246,  0.000098,  0.000046
0.007250,  0.000098,  0.000046
0.007254,  0.000098,  0.000046
0.007258,  0.000098,  0.000046
0.007263,  0.000098,  0.000046
0.007267,  0.000098,  0.000046
0.007271,  0.000098,  0.000046
0.007275,  0.000098,  0.000046
0.007279,  0.000098,  0.000046
0.007283,  0.000098,  0.000046
0.007288,  0.000098,  0.000046
0.007292,  0.000098,  0.000046
0.007296,  0.000098,  0.000046
0.007300,  0.000098,  0.000046
0.007304,  0.000098,  0.000046
0.007308,  0.000098,  0.000046
0.007313,  0.000098,  0.000046
0.007317,  0.000098,  0.000046
0.007321,  0.000098,  0.000046
0.007325,  0.000099,  0.000046
0.007329,  0.000099,  0.000046
0.007333,  0.000099,  0.000046
0.007338,  0.000099,  0.000046
0.007342,  0.000099,  0.000046
0.007346,  0.000099,  0.000046
0.007350,  0.000099,  0.000046
0.007354,  0.000099,  0.000046
0.007358,  0.000099,  0.000046
0.007363,  0.000099,  0.000046
0.007367,  0.000099,  0.000046
0.007371,  0.000099,  0.000046
0.007375,  0.000099,  0.000046
0.007379,  0.000099,  0.000046
0.007383,  0.000099,  0.000046
0.007388,  0.000099,  0.000046
0.007392,  0.000099,  0.000046
0.007396,  0.000099,  0.000046
0.007400,  0.000099,  0.000046
0.007404,  0.000099,  0.000046
0.007408,  0.000099,  0.000046
0.007413,  0.000099,  0.000046
0.007417,  0.000099,  0.000046
0.007421,  0.000099,  0.000046
0.007425,  0.000099,  0.000046
0.007429,  0.000099,  0.000046
0.007433,  0.000099,  0.000046
0.007438,  0.000099,  0.000046
0.007442,  0.000099,  0.000046
0.007446,  0.000099,  0.000046
0.007450,  0.000099,  0.000046
0.007454,  0.000099,  0.000046
0.007458,  0.000099,  0.000046
0.007463,  0.000099,  0.000046
0.007467,  0.000099,  0.000046
0.007471,  0.000099,  0.000046
0.007475,  0.000099,  0.000046
0.007479,  0.000099,  0.000046
0.007483,  0.000099,  0.000046
0.007488,  0.000099,  0.000046
0.007492,  0.000099,  0.000046
0.007496,  0.000099,  0.000046
0.007500,  0.000099,  0.000046
0.007504,  0.000100,  0.000046
0.007508,  0.000100,  0.000046
0.007513,  0.000100,  0.000046
0.007517,  0.000100,  0.000046
0.007521,  0.000100,  0.000046
0.007525,  0.000100,  0.000046
0.007529,  0.000100,  0.000046
0.007533,  0.000100,  0.000046
0.007538,  0.000100,  0.000046
0.007542,  0.000100,  0.000046
0.007546,  0.000100,  0.000046
0.007550,  0.000100,  0.000046
0.007554,  0.000100,  0.000046
0.007558,  0.000100,  0.000046
0.007563,  0.000100,  0.000046
0.007567,  0.000100,  0.000046
0.007571,  0.000100,  0.000045
0.007575,  0.000100,  0.000045
0.007579,  0.000100,  0.000045
0.007583,  0.000100,  0.000045
0.007588,  0.000100,  0.000045
0.007592,  0.000100,  0.000045
0.007596,  0.000100,  0.000045
0.007600,  0.000100,  0.000045
0.007604,  0.000100,  0.000045
0.007608,  0.000100,  0.000045
0.007613,  0.000100,  0.000045
0.007617,  0.000100,  0.000045
0.007621,  0.000100,  0.000045
0.007625,  0.000100,  0.000045
0.007629,  0.000100,  0.000045
0.007633,  0.000100,  0.000045
0.007638,  0.000100,  0.000045
0.007642,  0.000100,  0.000045
0.007646,  0.000100,  0.000045
0.007650,  0.000100,  0.000045
0.007654,  0.000100,  0.000045
0.007658,  0.000100,  0.000045
0.007663,  0.000100,  0.000045
0.007667,  0.000100,  0.000045
0.007671,  0.000100,  0.000045
0.007675,  0.000100,  0.000045
0.007679,  0.000100,  0.000045
0.007683,  0.000100,  0.000045
0.007688,  0.000101,  0.000045
0.007692,  0.000101,  0.000045
0.007696,  0.000101,  0.000045
0.007700,  0.000101,  0.000045
0.007704,  0.000101,  0.000045
0.007708,  0.000101,  0.000045
0.007713,  0.000101,  0.000045
0.007717,  0.000101,  0.000045
0.007721,  0.000101,  0.000045
0.007725,  0.000101,  0.000045
0.007729,  0.000101,  0.000045
0.007733,  0.000101,  0.000045
0.007738,  0.000101,  0.000045
0.007742,  0.000101,  0.000045
0.007746,  0.000101,  0.000045
0.007750,  0.000101,  0.000045
0.007754,  0.000101,  0.000045
0.007758,  0.000101,  0.000045
0.007763,  0.000101,  0.000045
0.007767,  0.000101,  0.000045
0.007771,  0.000101,  0.000045
0.007775,  0.000101,  0.000045
0.007779,  0.000101,  0.000045
0.007783,  0.000101,  0.000045
0.007788,  0.000101,  0.000045
0.007792,  0.000101,  0.000045
0.007796,  0.000101,  0.000045
0.007800,  0.000101,  0.000045
0.007804,  0.000101,  0.000045
0.007808,  0.000101,  0.000045
0.007813,  0.000101,  0.000045
0.007817,  0.000101,  0.000045
0.007821,  0.000101,  0.000045
0.007825,  0.000101,  0.000045
0.007829,  0.000101,  0.000045
0.007833,  0.000101,  0.000045
0.007838,  0.000101,  0.000045
0.007842,  0.000101,  0.000045
0.007846,  0.000101,  0.000045
0.007850,  0.000101,  0.000045
0.007854,  0.000101,  0.000045
0.007858,  0.000101,  0.000045
0.007863,  0.000101,  0.000045
0.007867,  0.000101,  0.000045
0.007871,  0.000101,  0.000045
0.007875,  0.000102,  0.000045
0.007879,  0.000102,  0.000045
0.007883,  0.000102,  0.000045
0.007888,  0.000102,  0.000045
0.007892,  0.000102,  0.000045
0.007896,  0.000102,  0.000045
0.007900,  0.000102,  0.000045
0.007904,  0.000102,  0.000045
0.007908,  0.000102,  0.000045
0.007913,  0.000102,  0.000045
0.007917,  0.000102,  0.000045
0.007921,  0.000102,  0.000045
0.007925,  0.000102,  0.000045
0.007929,  0.000102,  0.000045
0.007933,  0.000102,  0.000045
0.007938,  0.000102,  0.000045
0.007942,  0.000102,  0.000045
0.007946,  0.000102,  0.000045
0.007950,  0.000102,  0.000045
0.007954,  0.000102,  0.000045
0.007958,  0.000102,  0.000045
0.007963,  0.000102,  0.000045
0.007967,  0.000102,  0.000045
0.007971,  0.000102,  0.000045
0.007975,  0.000102,  0.000045
0.007979,  0.000102,  0.000045
0.007983,  0.000102,  0.000045
0.007988,  0.000102,  0.000045
0.007992,  0.000102,  0.000045
0.007996,  0.000102,  0.000045
0.008000,  0.000102,  0.000045
0.008004,  0.000102,  0.000045
0.008008,  0.000102,  0.000045
0.008013,  0.000102,  0.000045
0.008017,  0.000102,  0.000045
0.008021,  0.000102,  0.000045
0.008025,  0.000102,  0.000045
0.008029,  0.000102,  0.000045
0.008033,  0.000102,  0.000045
0.008038,  0.000102,  0.000045
0.008042,  0.000102,  0.000045
0.008046,  0.000102,  0.000045
0.008050,  0.000102,  0.000045
0.008054,  0.000102,  0.000045
0.008058,  0.000102,  0.000045
0.008063,  0.000103,  0.000045
0.008067,  0.000103,  0.000045
0.008071,  0.000103,  0.000045
0.008075,  0.000103,  0.000045
0.008079,  0.000103,  0.000045
0.008083,  0.000103,  0.000045
0.008088,  0.000103,  0.000045
0.008092,  0.000103,  0.000045
0.008096,  0.000103,  0.000045
0.008100,  0.000103,  0.000045
0.008104,  0.000103,  0.000045
0.008108,  0.000103,  0.000045
0.008113,  0.000103,  0.000045
0.008117,  0.000103,  0.000045
0.008121,  0.000103,  0.000045
0.008125,  0.000103,  0.000045
0.008129,  0.000103,  0.000045
0.008133,  0.000103,  0.000045
0.008138,  0.000103,  0.000045
0.008142,  0.000103,  0.000045
0.008146,  0.000103,  0.000045
0.008150,  0.000103,  0.000045
0.008154,  0.000103,  0.000045
0.008158,  0.000103,  0.000045
0.008163,  0.000103,  0.000045
0.008167,  0.000103,  0.000045
0.008171,  0.000103,  0.000045
0.008175,  0.000103,  0.000045
0.008179,  0.000103,  0.000045
0.008183,  0.000103,  0.000045
0.008188,  0.000103,  0.000045
0.008192,  0.000103,  0.000045
0.008196,  0.000103,  0.000045
0.008200,  0.000103,  0.000045
0.008204,  0.000103,  0.000045
0.008208,  0.000103,  0.000045
0.008213,  0.000103,  0.000045
0.008217,  0.000103,  0.000045
0.008221,  0.000103,  0.000045
0.008225,  0.000103,  0.000045
0.008229,  0.000103,  0.000045
0.008233,  0.000103,  0.000045
0.008238,  0.000103,  0.000045
0.008242,  0.000103,  0.000045
0.008246,  0.000103,  0.000045
0.008250,  0.000103,  0.000045
0.008254,  0.000104,  0.000045
0.008258,  0.000104,  0.000045
0.008263,  0.000104,  0.000045
0.008267,  0.000104,  0.000045
0.008271,  0.000104,  0.000045
0.008275,  0.000104,  0.000045
0.008279,  0.000104,  0.000045
0.008283,  0.000104,  0.000045
0.008288,  0.000104,  0.000045
0.008292,  0.000104,  0.000045
0.008296,  0.000104,  0.000045
0.008300,  0.000104,  0.000045
0.008304,  0.000104,  0.000045
0.008308,  0.000104,  0.000045
0.008313,  0.000104,  0.000045
0.008317,  0.000104,  0.000045
0.008321,  0.000104,  0.000045
0.008325,  0.000104,  0.000045
0.008329,  0.000104,  0.000045
0.008333,  0.000104,  0.000045
