# Time,    neckLengthIntegrate,    neckLengthFormula
0.000000,    0.191477,    0.262260
0.000004,    0.190731,    0.262536
0.000008,    0.192584,    0.262775
0.000013,    0.192154,    0.263006
0.000017,    0.193266,    0.263219
0.000021,    0.193079,    0.263427
0.000025,    0.193812,    0.263622
0.000029,    0.193778,    0.263813
0.000033,    0.194298,    0.263994
0.000038,    0.194352,    0.264172
0.000042,    0.194742,    0.264342
0.000046,    0.194844,    0.264507
0.000050,    0.195153,    0.264667
0.000054,    0.195279,    0.264823
0.000058,    0.195533,    0.264973
0.000063,    0.195670,    0.265120
0.000067,    0.195887,    0.265262
0.000071,    0.196026,    0.265401
0.000075,    0.196216,    0.265536
0.000079,    0.196355,    0.265667
0.000083,    0.196524,    0.265795
0.000088,    0.196660,    0.265920
0.000092,    0.196814,    0.266042
0.000096,    0.196945,    0.266161
0.000100,    0.197087,    0.266277
0.000104,    0.197213,    0.266390
0.000108,    0.197346,    0.266501
0.000113,    0.197467,    0.266609
0.000117,    0.197592,    0.266715
0.000121,    0.197708,    0.266818
0.000125,    0.197826,    0.266919
0.000129,    0.197937,    0.267019
0.000133,    0.198049,    0.267116
0.000138,    0.198157,    0.267211
0.000142,    0.198264,    0.267304
0.000146,    0.198367,    0.267396
0.000150,    0.198469,    0.267485
0.000154,    0.198569,    0.267573
0.000158,    0.198667,    0.267660
0.000163,    0.198763,    0.267745
0.000167,    0.198858,    0.267828
0.000171,    0.198951,    0.267910
0.000175,    0.199042,    0.267990
0.000179,    0.199132,    0.268069
0.000183,    0.199220,    0.268147
0.000188,    0.199307,    0.268223
0.000192,    0.199393,    0.268299
0.000196,    0.199477,    0.268373
0.000200,    0.199560,    0.268446
0.000204,    0.199642,    0.268517
0.000208,    0.199723,    0.268588
0.000213,    0.199803,    0.268658
0.000217,    0.199881,    0.268726
0.000221,    0.199959,    0.268794
0.000225,    0.200036,    0.268861
0.000229,    0.200111,    0.268927
0.000233,    0.200186,    0.268992
0.000238,    0.200259,    0.269056
0.000242,    0.200332,    0.269120
0.000246,    0.200404,    0.269182
0.000250,    0.200475,    0.269244
0.000254,    0.200546,    0.269305
0.000258,    0.200615,    0.269366
0.000263,    0.200684,    0.269426
0.000267,    0.200752,    0.269485
0.000271,    0.200819,    0.269543
0.000275,    0.200885,    0.269601
0.000279,    0.200951,    0.269658
0.000283,    0.201016,    0.269715
0.000288,    0.201081,    0.269771
0.000292,    0.201145,    0.269827
0.000296,    0.201208,    0.269882
0.000300,    0.201271,    0.269936
0.000304,    0.201333,    0.269990
0.000308,    0.201394,    0.270044
0.000313,    0.201455,    0.270097
0.000317,    0.201515,    0.270150
0.000321,    0.201575,    0.270202
0.000325,    0.201634,    0.270254
0.000329,    0.201693,    0.270306
0.000333,    0.201751,    0.270357
0.000338,    0.201809,    0.270408
0.000342,    0.201866,    0.270458
0.000346,    0.201923,    0.270508
0.000350,    0.201980,    0.270558
0.000354,    0.202035,    0.270607
0.000358,    0.202091,    0.270657
0.000363,    0.202146,    0.270705
0.000367,    0.202200,    0.270754
0.000371,    0.202255,    0.270802
0.000375,    0.202308,    0.270850
0.000379,    0.202362,    0.270898
0.000383,    0.202415,    0.270945
0.000388,    0.202467,    0.270993
0.000392,    0.202519,    0.271040
0.000396,    0.202571,    0.271086
0.000400,    0.202623,    0.271133
0.000404,    0.202674,    0.271179
0.000408,    0.202724,    0.271226
0.000413,    0.202775,    0.271272
0.000417,    0.202825,    0.271317
0.000421,    0.202875,    0.271363
0.000425,    0.202924,    0.271408
0.000429,    0.202973,    0.271454
0.000433,    0.203022,    0.271499
0.000438,    0.203070,    0.271544
0.000442,    0.203118,    0.271589
0.000446,    0.203166,    0.271633
0.000450,    0.203214,    0.271678
0.000454,    0.203261,    0.271722
0.000458,    0.203308,    0.271766
0.000463,    0.203355,    0.271810
0.000467,    0.203401,    0.271854
0.000471,    0.203447,    0.271898
0.000475,    0.203493,    0.271942
0.000479,    0.203539,    0.271986
0.000483,    0.203584,    0.272029
0.000488,    0.203629,    0.272073
0.000492,    0.203674,    0.272116
0.000496,    0.203719,    0.272159
0.000500,    0.203763,    0.272203
0.000504,    0.203807,    0.272246
0.000508,    0.203851,    0.272289
0.000513,    0.203895,    0.272332
0.000517,    0.203938,    0.272375
0.000521,    0.203981,    0.272417
0.000525,    0.204024,    0.272460
0.000529,    0.204067,    0.272503
0.000533,    0.204109,    0.272545
0.000538,    0.204152,    0.272588
0.000542,    0.204194,    0.272630
0.000546,    0.204236,    0.272673
0.000550,    0.204277,    0.272715
0.000554,    0.204319,    0.272757
0.000558,    0.204360,    0.272800
0.000563,    0.204401,    0.272842
0.000567,    0.204442,    0.272884
0.000571,    0.204483,    0.272926
0.000575,    0.204523,    0.272968
0.000579,    0.204564,    0.273010
0.000583,    0.204604,    0.273052
0.000588,    0.204644,    0.273094
0.000592,    0.204684,    0.273136
0.000596,    0.204723,    0.273178
0.000600,    0.204763,    0.273220
0.000604,    0.204802,    0.273262
0.000608,    0.204841,    0.273303
0.000613,    0.204880,    0.273345
0.000617,    0.204919,    0.273387
0.000621,    0.204957,    0.273428
0.000625,    0.204996,    0.273470
0.000629,    0.205034,    0.273512
0.000633,    0.205072,    0.273553
0.000638,    0.205110,    0.273595
0.000642,    0.205148,    0.273636
0.000646,    0.205186,    0.273678
0.000650,    0.205223,    0.273719
0.000654,    0.205260,    0.273761
0.000658,    0.205298,    0.273802
0.000663,    0.205335,    0.273844
0.000667,    0.205372,    0.273885
0.000671,    0.205408,    0.273927
0.000675,    0.205445,    0.273968
0.000679,    0.205481,    0.274009
0.000683,    0.205518,    0.274051
0.000688,    0.205554,    0.274092
0.000692,    0.205590,    0.274133
0.000696,    0.205626,    0.274175
0.000700,    0.205662,    0.274216
0.000704,    0.205697,    0.274257
0.000708,    0.205733,    0.274298
0.000713,    0.205768,    0.274340
0.000717,    0.205804,    0.274381
0.000721,    0.205839,    0.274422
0.000725,    0.205874,    0.274463
0.000729,    0.205909,    0.274505
0.000733,    0.205944,    0.274546
0.000738,    0.205978,    0.274587
0.000742,    0.206013,    0.274628
0.000746,    0.206047,    0.274669
0.000750,    0.206082,    0.274710
0.000754,    0.206116,    0.274751
0.000758,    0.206150,    0.274793
0.000763,    0.206184,    0.274834
0.000767,    0.206218,    0.274875
0.000771,    0.206251,    0.274916
0.000775,    0.206285,    0.274957
0.000779,    0.206319,    0.274998
0.000783,    0.206352,    0.275039
0.000788,    0.206385,    0.275080
0.000792,    0.206419,    0.275121
0.000796,    0.206452,    0.275162
0.000800,    0.206485,    0.275203
0.000804,    0.206518,    0.275244
0.000808,    0.206550,    0.275285
0.000813,    0.206583,    0.275326
0.000817,    0.206616,    0.275367
0.000821,    0.206648,    0.275408
0.000825,    0.206681,    0.275449
0.000829,    0.206713,    0.275490
0.000833,    0.206745,    0.275531
0.000838,    0.206777,    0.275572
0.000842,    0.206809,    0.275613
0.000846,    0.206841,    0.275654
0.000850,    0.206873,    0.275694
0.000854,    0.206905,    0.275735
0.000858,    0.206936,    0.275776
0.000863,    0.206968,    0.275817
0.000867,    0.206999,    0.275858
0.000871,    0.207031,    0.275899
0.000875,    0.207062,    0.275940
0.000879,    0.207093,    0.275980
0.000883,    0.207124,    0.276021
0.000888,    0.207155,    0.276062
0.000892,    0.207186,    0.276103
0.000896,    0.207217,    0.276144
0.000900,    0.207248,    0.276184
0.000904,    0.207279,    0.276225
0.000908,    0.207309,    0.276266
0.000913,    0.207340,    0.276306
0.000917,    0.207370,    0.276347
0.000921,    0.207400,    0.276388
0.000925,    0.207431,    0.276429
0.000929,    0.207461,    0.276469
0.000933,    0.207491,    0.276510
0.000938,    0.207521,    0.276551
0.000942,    0.207551,    0.276591
0.000946,    0.207581,    0.276632
0.000950,    0.207611,    0.276672
0.000954,    0.207640,    0.276713
0.000958,    0.207670,    0.276754
0.000963,    0.207700,    0.276794
0.000967,    0.207729,    0.276835
0.000971,    0.207759,    0.276875
0.000975,    0.207788,    0.276916
0.000979,    0.207817,    0.276956
0.000983,    0.207846,    0.276997
0.000988,    0.207876,    0.277037
0.000992,    0.207905,    0.277078
0.000996,    0.207934,    0.277118
0.001000,    0.207963,    0.277158
0.001004,    0.207991,    0.277199
0.001008,    0.208020,    0.277239
0.001013,    0.208049,    0.277280
0.001017,    0.208078,    0.277320
0.001021,    0.208106,    0.277360
0.001025,    0.208135,    0.277401
0.001029,    0.208163,    0.277441
0.001033,    0.208191,    0.277481
0.001038,    0.208220,    0.277522
0.001042,    0.208248,    0.277562
0.001046,    0.208276,    0.277602
0.001050,    0.208304,    0.277642
0.001054,    0.208332,    0.277683
0.001058,    0.208360,    0.277723
0.001063,    0.208388,    0.277763
0.001067,    0.208416,    0.277803
0.001071,    0.208444,    0.277843
0.001075,    0.208472,    0.277883
0.001079,    0.208499,    0.277923
0.001083,    0.208527,    0.277963
0.001088,    0.208554,    0.278004
0.001092,    0.208582,    0.278044
0.001096,    0.208609,    0.278084
0.001100,    0.208637,    0.278124
0.001104,    0.208664,    0.278164
0.001108,    0.208691,    0.278204
0.001113,    0.208719,    0.278244
0.001117,    0.208746,    0.278283
0.001121,    0.208773,    0.278323
0.001125,    0.208800,    0.278363
0.001129,    0.208827,    0.278403
0.001133,    0.208854,    0.278443
0.001138,    0.208880,    0.278483
0.001142,    0.208907,    0.278523
0.001146,    0.208934,    0.278562
0.001150,    0.208961,    0.278602
0.001154,    0.208987,    0.278642
0.001158,    0.209014,    0.278682
0.001163,    0.209040,    0.278721
0.001167,    0.209067,    0.278761
0.001171,    0.209093,    0.278801
0.001175,    0.209120,    0.278840
0.001179,    0.209146,    0.278880
0.001183,    0.209172,    0.278919
0.001188,    0.209198,    0.278959
0.001192,    0.209225,    0.278998
0.001196,    0.209251,    0.279038
0.001200,    0.209277,    0.279077
0.001204,    0.209303,    0.279117
0.001208,    0.209329,    0.279156
0.001213,    0.209355,    0.279196
0.001217,    0.209380,    0.279235
0.001221,    0.209406,    0.279275
0.001225,    0.209432,    0.279314
0.001229,    0.209458,    0.279353
0.001233,    0.209483,    0.279393
0.001238,    0.209509,    0.279432
0.001242,    0.209534,    0.279471
0.001246,    0.209560,    0.279510
0.001250,    0.209585,    0.279549
0.001254,    0.209611,    0.279589
0.001258,    0.209636,    0.279628
0.001263,    0.209661,    0.279667
0.001267,    0.209687,    0.279706
0.001271,    0.209712,    0.279745
0.001275,    0.209737,    0.279784
0.001279,    0.209762,    0.279823
0.001283,    0.209787,    0.279862
0.001288,    0.209812,    0.279901
0.001292,    0.209837,    0.279940
0.001296,    0.209862,    0.279979
0.001300,    0.209887,    0.280018
0.001304,    0.209912,    0.280057
0.001308,    0.209937,    0.280096
0.001313,    0.209961,    0.280135
0.001317,    0.209986,    0.280173
0.001321,    0.210011,    0.280212
0.001325,    0.210035,    0.280251
0.001329,    0.210060,    0.280290
0.001333,    0.210084,    0.280328
0.001338,    0.210109,    0.280367
0.001342,    0.210133,    0.280406
0.001346,    0.210158,    0.280444
0.001350,    0.210182,    0.280483
0.001354,    0.210206,    0.280521
0.001358,    0.210231,    0.280560
0.001363,    0.210255,    0.280598
0.001367,    0.210279,    0.280637
0.001371,    0.210303,    0.280675
0.001375,    0.210327,    0.280714
0.001379,    0.210351,    0.280752
0.001383,    0.210375,    0.280790
0.001388,    0.210399,    0.280829
0.001392,    0.210423,    0.280867
0.001396,    0.210447,    0.280905
0.001400,    0.210471,    0.280944
0.001404,    0.210495,    0.280982
0.001408,    0.210519,    0.281020
0.001413,    0.210543,    0.281058
0.001417,    0.210566,    0.281096
0.001421,    0.210590,    0.281135
0.001425,    0.210614,    0.281173
0.001429,    0.210637,    0.281211
0.001433,    0.210661,    0.281249
0.001438,    0.210684,    0.281287
0.001442,    0.210708,    0.281325
0.001446,    0.210731,    0.281363
0.001450,    0.210754,    0.281401
0.001454,    0.210778,    0.281438
0.001458,    0.210801,    0.281476
0.001463,    0.210824,    0.281514
0.001467,    0.210848,    0.281552
0.001471,    0.210871,    0.281590
0.001475,    0.210894,    0.281628
0.001479,    0.210917,    0.281665
0.001483,    0.210940,    0.281703
0.001488,    0.210963,    0.281741
0.001492,    0.210986,    0.281778
0.001496,    0.211009,    0.281816
0.001500,    0.211032,    0.281853
0.001504,    0.211055,    0.281891
0.001508,    0.211078,    0.281928
0.001513,    0.211101,    0.281966
0.001517,    0.211124,    0.282003
0.001521,    0.211147,    0.282041
0.001525,    0.211169,    0.282078
0.001529,    0.211192,    0.282116
0.001533,    0.211215,    0.282153
0.001538,    0.211237,    0.282190
0.001542,    0.211260,    0.282228
0.001546,    0.211282,    0.282265
0.001550,    0.211305,    0.282302
0.001554,    0.211327,    0.282339
0.001558,    0.211350,    0.282376
0.001563,    0.211372,    0.282414
0.001567,    0.211395,    0.282451
0.001571,    0.211417,    0.282488
0.001575,    0.211439,    0.282525
0.001579,    0.211462,    0.282562
0.001583,    0.211484,    0.282599
0.001588,    0.211506,    0.282636
0.001592,    0.211528,    0.282673
0.001596,    0.211551,    0.282710
0.001600,    0.211573,    0.282746
0.001604,    0.211595,    0.282783
0.001608,    0.211617,    0.282820
0.001613,    0.211639,    0.282857
0.001617,    0.211661,    0.282894
0.001621,    0.211683,    0.282930
0.001625,    0.211705,    0.282967
0.001629,    0.211727,    0.283004
0.001633,    0.211749,    0.283040
0.001638,    0.211771,    0.283077
0.001642,    0.211792,    0.283114
0.001646,    0.211814,    0.283150
0.001650,    0.211836,    0.283187
0.001654,    0.211858,    0.283223
0.001658,    0.211879,    0.283260
0.001663,    0.211901,    0.283296
0.001667,    0.211923,    0.283332
0.001671,    0.211944,    0.283369
0.001675,    0.211966,    0.283405
0.001679,    0.211987,    0.283441
0.001683,    0.212009,    0.283478
0.001688,    0.212030,    0.283514
0.001692,    0.212052,    0.283550
0.001696,    0.212073,    0.283586
0.001700,    0.212095,    0.283623
0.001704,    0.212116,    0.283659
0.001708,    0.212137,    0.283695
0.001713,    0.212159,    0.283731
0.001717,    0.212180,    0.283767
0.001721,    0.212201,    0.283803
0.001725,    0.212222,    0.283839
0.001729,    0.212243,    0.283875
0.001733,    0.212265,    0.283911
0.001738,    0.212286,    0.283947
0.001742,    0.212307,    0.283982
0.001746,    0.212328,    0.284018
0.001750,    0.212349,    0.284054
0.001754,    0.212370,    0.284090
0.001758,    0.212391,    0.284126
0.001763,    0.212412,    0.284161
0.001767,    0.212433,    0.284197
0.001771,    0.212454,    0.284233
0.001775,    0.212475,    0.284268
0.001779,    0.212496,    0.284304
0.001783,    0.212516,    0.284339
0.001788,    0.212537,    0.284375
0.001792,    0.212558,    0.284410
0.001796,    0.212579,    0.284446
0.001800,    0.212599,    0.284481
0.001804,    0.212620,    0.284517
0.001808,    0.212641,    0.284552
0.001813,    0.212661,    0.284587
0.001817,    0.212682,    0.284623
0.001821,    0.212703,    0.284658
0.001825,    0.212723,    0.284693
0.001829,    0.212744,    0.284729
0.001833,    0.212764,    0.284764
0.001838,    0.212785,    0.284799
0.001842,    0.212805,    0.284834
0.001846,    0.212825,    0.284869
0.001850,    0.212846,    0.284904
0.001854,    0.212866,    0.284939
0.001858,    0.212887,    0.284974
0.001863,    0.212907,    0.285009
0.001867,    0.212927,    0.285044
0.001871,    0.212947,    0.285079
0.001875,    0.212968,    0.285114
0.001879,    0.212988,    0.285149
0.001883,    0.213008,    0.285184
0.001888,    0.213028,    0.285219
0.001892,    0.213048,    0.285254
0.001896,    0.213068,    0.285288
0.001900,    0.213089,    0.285323
0.001904,    0.213109,    0.285358
0.001908,    0.213129,    0.285392
0.001913,    0.213149,    0.285427
0.001917,    0.213169,    0.285462
0.001921,    0.213189,    0.285496
0.001925,    0.213209,    0.285531
0.001929,    0.213229,    0.285565
0.001933,    0.213248,    0.285600
0.001938,    0.213268,    0.285634
0.001942,    0.213288,    0.285669
0.001946,    0.213308,    0.285703
0.001950,    0.213328,    0.285738
0.001954,    0.213348,    0.285772
0.001958,    0.213367,    0.285806
0.001963,    0.213387,    0.285840
0.001967,    0.213407,    0.285875
0.001971,    0.213426,    0.285909
0.001975,    0.213446,    0.285943
0.001979,    0.213466,    0.285977
0.001983,    0.213485,    0.286012
0.001988,    0.213505,    0.286046
0.001992,    0.213524,    0.286080
0.001996,    0.213544,    0.286114
0.002000,    0.213563,    0.286148
0.002004,    0.213583,    0.286182
0.002008,    0.213602,    0.286216
0.002013,    0.213622,    0.286250
0.002017,    0.213641,    0.286284
0.002021,    0.213661,    0.286318
0.002025,    0.213680,    0.286351
0.002029,    0.213699,    0.286385
0.002033,    0.213719,    0.286419
0.002038,    0.213738,    0.286453
0.002042,    0.213757,    0.286487
0.002046,    0.213777,    0.286520
0.002050,    0.213796,    0.286554
0.002054,    0.213815,    0.286588
0.002058,    0.213834,    0.286621
0.002063,    0.213853,    0.286655
0.002067,    0.213873,    0.286688
0.002071,    0.213892,    0.286722
0.002075,    0.213911,    0.286755
0.002079,    0.213930,    0.286789
0.002083,    0.213949,    0.286822
0.002088,    0.213968,    0.286856
0.002092,    0.213987,    0.286889
0.002096,    0.214006,    0.286923
0.002100,    0.214025,    0.286956
0.002104,    0.214044,    0.286989
0.002108,    0.214063,    0.287023
0.002113,    0.214082,    0.287056
0.002117,    0.214101,    0.287089
0.002121,    0.214120,    0.287122
0.002125,    0.214139,    0.287155
0.002129,    0.214157,    0.287189
0.002133,    0.214176,    0.287222
0.002138,    0.214195,    0.287255
0.002142,    0.214214,    0.287288
0.002146,    0.214233,    0.287321
0.002150,    0.214251,    0.287354
0.002154,    0.214270,    0.287387
0.002158,    0.214289,    0.287420
0.002163,    0.214307,    0.287453
0.002167,    0.214326,    0.287486
0.002171,    0.214345,    0.287518
0.002175,    0.214363,    0.287551
0.002179,    0.214382,    0.287584
0.002183,    0.214400,    0.287617
0.002188,    0.214419,    0.287650
0.002192,    0.214437,    0.287682
0.002196,    0.214456,    0.287715
0.002200,    0.214474,    0.287748
0.002204,    0.214493,    0.287780
0.002208,    0.214511,    0.287813
0.002213,    0.214530,    0.287846
0.002217,    0.214548,    0.287878
0.002221,    0.214567,    0.287911
0.002225,    0.214585,    0.287943
0.002229,    0.214603,    0.287976
0.002233,    0.214622,    0.288008
0.002238,    0.214640,    0.288041
0.002242,    0.214658,    0.288073
0.002246,    0.214676,    0.288105
0.002250,    0.214695,    0.288138
0.002254,    0.214713,    0.288170
0.002258,    0.214731,    0.288202
0.002263,    0.214749,    0.288235
0.002267,    0.214768,    0.288267
0.002271,    0.214786,    0.288299
0.002275,    0.214804,    0.288331
0.002279,    0.214822,    0.288363
0.002283,    0.214840,    0.288396
0.002288,    0.214858,    0.288428
0.002292,    0.214876,    0.288460
0.002296,    0.214894,    0.288492
0.002300,    0.214912,    0.288524
0.002304,    0.214930,    0.288556
0.002308,    0.214948,    0.288588
0.002313,    0.214966,    0.288620
0.002317,    0.214984,    0.288652
0.002321,    0.215002,    0.288683
0.002325,    0.215020,    0.288715
0.002329,    0.215038,    0.288747
0.002333,    0.215056,    0.288779
0.002338,    0.215074,    0.288811
0.002342,    0.215091,    0.288843
0.002346,    0.215109,    0.288874
0.002350,    0.215127,    0.288906
0.002354,    0.215145,    0.288938
0.002358,    0.215163,    0.288969
0.002363,    0.215180,    0.289001
0.002367,    0.215198,    0.289033
0.002371,    0.215216,    0.289064
0.002375,    0.215234,    0.289096
0.002379,    0.215251,    0.289127
0.002383,    0.215269,    0.289159
0.002388,    0.215286,    0.289190
0.002392,    0.215304,    0.289222
0.002396,    0.215322,    0.289253
0.002400,    0.215339,    0.289284
0.002404,    0.215357,    0.289316
0.002408,    0.215374,    0.289347
0.002413,    0.215392,    0.289378
0.002417,    0.215409,    0.289410
0.002421,    0.215427,    0.289441
0.002425,    0.215444,    0.289472
0.002429,    0.215462,    0.289503
0.002433,    0.215479,    0.289535
0.002438,    0.215497,    0.289566
0.002442,    0.215514,    0.289597
0.002446,    0.215532,    0.289628
0.002450,    0.215549,    0.289659
0.002454,    0.215566,    0.289690
0.002458,    0.215584,    0.289721
0.002463,    0.215601,    0.289752
0.002467,    0.215618,    0.289783
0.002471,    0.215636,    0.289814
0.002475,    0.215653,    0.289845
0.002479,    0.215670,    0.289876
0.002483,    0.215687,    0.289907
0.002488,    0.215705,    0.289938
0.002492,    0.215722,    0.289968
0.002496,    0.215739,    0.289999
0.002500,    0.215756,    0.290030
0.002504,    0.215773,    0.290061
0.002508,    0.215791,    0.290091
0.002513,    0.215808,    0.290122
0.002517,    0.215825,    0.290153
0.002521,    0.215842,    0.290184
0.002525,    0.215859,    0.290214
0.002529,    0.215876,    0.290245
0.002533,    0.215893,    0.290275
0.002538,    0.215910,    0.290306
0.002542,    0.215927,    0.290336
0.002546,    0.215944,    0.290367
0.002550,    0.215961,    0.290397
0.002554,    0.215978,    0.290428
0.002558,    0.215995,    0.290458
0.002563,    0.216012,    0.290489
0.002567,    0.216029,    0.290519
0.002571,    0.216046,    0.290549
0.002575,    0.216063,    0.290580
0.002579,    0.216080,    0.290610
0.002583,    0.216097,    0.290640
0.002588,    0.216113,    0.290671
0.002592,    0.216130,    0.290701
0.002596,    0.216147,    0.290731
0.002600,    0.216164,    0.290761
0.002604,    0.216181,    0.290791
0.002608,    0.216197,    0.290821
0.002613,    0.216214,    0.290852
0.002617,    0.216231,    0.290882
0.002621,    0.216248,    0.290912
0.002625,    0.216264,    0.290942
0.002629,    0.216281,    0.290972
0.002633,    0.216298,    0.291002
0.002638,    0.216314,    0.291032
0.002642,    0.216331,    0.291062
0.002646,    0.216348,    0.291092
0.002650,    0.216364,    0.291122
0.002654,    0.216381,    0.291151
0.002658,    0.216397,    0.291181
0.002663,    0.216414,    0.291211
0.002667,    0.216430,    0.291241
0.002671,    0.216447,    0.291271
0.002675,    0.216464,    0.291300
0.002679,    0.216480,    0.291330
0.002683,    0.216497,    0.291360
0.002688,    0.216513,    0.291389
0.002692,    0.216529,    0.291419
0.002696,    0.216546,    0.291449
0.002700,    0.216562,    0.291478
0.002704,    0.216579,    0.291508
0.002708,    0.216595,    0.291538
0.002713,    0.216612,    0.291567
0.002717,    0.216628,    0.291597
0.002721,    0.216644,    0.291626
0.002725,    0.216661,    0.291656
0.002729,    0.216677,    0.291685
0.002733,    0.216693,    0.291714
0.002738,    0.216710,    0.291744
0.002742,    0.216726,    0.291773
0.002746,    0.216742,    0.291803
0.002750,    0.216758,    0.291832
0.002754,    0.216775,    0.291861
0.002758,    0.216791,    0.291890
0.002763,    0.216807,    0.291920
0.002767,    0.216823,    0.291949
0.002771,    0.216839,    0.291978
0.002775,    0.216856,    0.292007
0.002779,    0.216872,    0.292037
0.002783,    0.216888,    0.292066
0.002788,    0.216904,    0.292095
0.002792,    0.216920,    0.292124
0.002796,    0.216936,    0.292153
0.002800,    0.216952,    0.292182
0.002804,    0.216968,    0.292211
0.002808,    0.216985,    0.292240
0.002813,    0.217001,    0.292269
0.002817,    0.217017,    0.292298
0.002821,    0.217033,    0.292327
0.002825,    0.217049,    0.292356
0.002829,    0.217065,    0.292385
0.002833,    0.217081,    0.292414
0.002838,    0.217097,    0.292443
0.002842,    0.217113,    0.292471
0.002846,    0.217128,    0.292500
0.002850,    0.217144,    0.292529
0.002854,    0.217160,    0.292558
0.002858,    0.217176,    0.292586
0.002863,    0.217192,    0.292615
0.002867,    0.217208,    0.292644
0.002871,    0.217224,    0.292673
0.002875,    0.217240,    0.292701
0.002879,    0.217255,    0.292730
0.002883,    0.217271,    0.292758
0.002888,    0.217287,    0.292787
0.002892,    0.217303,    0.292816
0.002896,    0.217319,    0.292844
0.002900,    0.217334,    0.292873
0.002904,    0.217350,    0.292901
0.002908,    0.217366,    0.292930
0.002913,    0.217382,    0.292958
0.002917,    0.217397,    0.292986
0.002921,    0.217413,    0.293015
0.002925,    0.217429,    0.293043
0.002929,    0.217444,    0.293072
0.002933,    0.217460,    0.293100
0.002938,    0.217476,    0.293128
0.002942,    0.217491,    0.293157
0.002946,    0.217507,    0.293185
0.002950,    0.217523,    0.293213
0.002954,    0.217538,    0.293241
0.002958,    0.217554,    0.293270
0.002963,    0.217569,    0.293298
0.002967,    0.217585,    0.293326
0.002971,    0.217600,    0.293354
0.002975,    0.217616,    0.293382
0.002979,    0.217631,    0.293410
0.002983,    0.217647,    0.293438
0.002988,    0.217662,    0.293467
0.002992,    0.217678,    0.293495
0.002996,    0.217693,    0.293523
0.003000,    0.217709,    0.293551
0.003004,    0.217724,    0.293579
0.003008,    0.217740,    0.293607
0.003013,    0.217755,    0.293634
0.003017,    0.217771,    0.293662
0.003021,    0.217786,    0.293690
0.003025,    0.217801,    0.293718
0.003029,    0.217817,    0.293746
0.003033,    0.217832,    0.293774
0.003038,    0.217847,    0.293802
0.003042,    0.217863,    0.293829
0.003046,    0.217878,    0.293857
0.003050,    0.217893,    0.293885
0.003054,    0.217909,    0.293913
0.003058,    0.217924,    0.293940
0.003063,    0.217939,    0.293968
0.003067,    0.217954,    0.293996
0.003071,    0.217970,    0.294023
0.003075,    0.217985,    0.294051
0.003079,    0.218000,    0.294079
0.003083,    0.218015,    0.294106
0.003088,    0.218031,    0.294134
0.003092,    0.218046,    0.294161
0.003096,    0.218061,    0.294189
0.003100,    0.218076,    0.294216
0.003104,    0.218091,    0.294244
0.003108,    0.218106,    0.294271
0.003113,    0.218121,    0.294299
0.003117,    0.218137,    0.294326
0.003121,    0.218152,    0.294354
0.003125,    0.218167,    0.294381
0.003129,    0.218182,    0.294408
0.003133,    0.218197,    0.294436
0.003138,    0.218212,    0.294463
0.003142,    0.218227,    0.294490
0.003146,    0.218242,    0.294518
0.003150,    0.218257,    0.294545
0.003154,    0.218272,    0.294572
0.003158,    0.218287,    0.294599
0.003163,    0.218302,    0.294626
0.003167,    0.218317,    0.294654
0.003171,    0.218332,    0.294681
0.003175,    0.218347,    0.294708
0.003179,    0.218362,    0.294735
0.003183,    0.218377,    0.294762
0.003188,    0.218392,    0.294789
0.003192,    0.218407,    0.294816
0.003196,    0.218421,    0.294843
0.003200,    0.218436,    0.294870
0.003204,    0.218451,    0.294897
0.003208,    0.218466,    0.294924
0.003213,    0.218481,    0.294951
0.003217,    0.218496,    0.294978
0.003221,    0.218511,    0.295005
0.003225,    0.218525,    0.295032
0.003229,    0.218540,    0.295059
0.003233,    0.218555,    0.295086
0.003238,    0.218570,    0.295113
0.003242,    0.218584,    0.295139
0.003246,    0.218599,    0.295166
0.003250,    0.218614,    0.295193
0.003254,    0.218629,    0.295220
0.003258,    0.218643,    0.295247
0.003263,    0.218658,    0.295273
0.003267,    0.218673,    0.295300
0.003271,    0.218687,    0.295327
0.003275,    0.218702,    0.295353
0.003279,    0.218717,    0.295380
0.003283,    0.218731,    0.295407
0.003288,    0.218746,    0.295433
0.003292,    0.218761,    0.295460
0.003296,    0.218775,    0.295486
0.003300,    0.218790,    0.295513
0.003304,    0.218805,    0.295539
0.003308,    0.218819,    0.295566
0.003313,    0.218834,    0.295592
0.003317,    0.218848,    0.295619
0.003321,    0.218863,    0.295645
0.003325,    0.218877,    0.295672
0.003329,    0.218892,    0.295698
0.003333,    0.218906,    0.295725
0.003338,    0.218921,    0.295751
0.003342,    0.218935,    0.295777
0.003346,    0.218950,    0.295804
0.003350,    0.218964,    0.295830
0.003354,    0.218979,    0.295856
0.003358,    0.218993,    0.295883
0.003363,    0.219008,    0.295909
0.003367,    0.219022,    0.295935
0.003371,    0.219037,    0.295961
0.003375,    0.219051,    0.295988
0.003379,    0.219065,    0.296014
0.003383,    0.219080,    0.296040
0.003388,    0.219094,    0.296066
0.003392,    0.219109,    0.296092
0.003396,    0.219123,    0.296118
0.003400,    0.219137,    0.296144
0.003404,    0.219152,    0.296171
0.003408,    0.219166,    0.296197
0.003413,    0.219180,    0.296223
0.003417,    0.219195,    0.296249
0.003421,    0.219209,    0.296275
0.003425,    0.219223,    0.296301
0.003429,    0.219238,    0.296327
0.003433,    0.219252,    0.296353
0.003438,    0.219266,    0.296379
0.003442,    0.219280,    0.296404
0.003446,    0.219295,    0.296430
0.003450,    0.219309,    0.296456
0.003454,    0.219323,    0.296482
0.003458,    0.219337,    0.296508
0.003463,    0.219351,    0.296534
0.003467,    0.219366,    0.296560
0.003471,    0.219380,    0.296585
0.003475,    0.219394,    0.296611
0.003479,    0.219408,    0.296637
0.003483,    0.219422,    0.296663
0.003488,    0.219436,    0.296688
0.003492,    0.219451,    0.296714
0.003496,    0.219465,    0.296740
0.003500,    0.219479,    0.296765
0.003504,    0.219493,    0.296791
0.003508,    0.219507,    0.296817
0.003513,    0.219521,    0.296842
0.003517,    0.219535,    0.296868
0.003521,    0.219549,    0.296893
0.003525,    0.219563,    0.296919
0.003529,    0.219577,    0.296945
0.003533,    0.219591,    0.296970
0.003538,    0.219605,    0.296996
0.003542,    0.219619,    0.297021
0.003546,    0.219633,    0.297047
0.003550,    0.219647,    0.297072
0.003554,    0.219661,    0.297097
0.003558,    0.219675,    0.297123
0.003563,    0.219689,    0.297148
0.003567,    0.219703,    0.297174
0.003571,    0.219717,    0.297199
0.003575,    0.219731,    0.297224
0.003579,    0.219745,    0.297250
0.003583,    0.219759,    0.297275
0.003588,    0.219773,    0.297300
0.003592,    0.219787,    0.297326
0.003596,    0.219800,    0.297351
0.003600,    0.219814,    0.297376
0.003604,    0.219828,    0.297401
0.003608,    0.219842,    0.297426
0.003613,    0.219856,    0.297452
0.003617,    0.219870,    0.297477
0.003621,    0.219884,    0.297502
0.003625,    0.219897,    0.297527
0.003629,    0.219911,    0.297552
0.003633,    0.219925,    0.297577
0.003638,    0.219939,    0.297602
0.003642,    0.219953,    0.297628
0.003646,    0.219966,    0.297653
0.003650,    0.219980,    0.297678
0.003654,    0.219994,    0.297703
0.003658,    0.220008,    0.297728
0.003663,    0.220021,    0.297753
0.003667,    0.220035,    0.297778
0.003671,    0.220049,    0.297803
0.003675,    0.220062,    0.297828
0.003679,    0.220076,    0.297852
0.003683,    0.220090,    0.297877
0.003688,    0.220103,    0.297902
0.003692,    0.220117,    0.297927
0.003696,    0.220131,    0.297952
0.003700,    0.220144,    0.297977
0.003704,    0.220158,    0.298002
0.003708,    0.220172,    0.298026
0.003713,    0.220185,    0.298051
0.003717,    0.220199,    0.298076
0.003721,    0.220212,    0.298101
0.003725,    0.220226,    0.298125
0.003729,    0.220240,    0.298150
0.003733,    0.220253,    0.298175
0.003738,    0.220267,    0.298200
0.003742,    0.220280,    0.298224
0.003746,    0.220294,    0.298249
0.003750,    0.220307,    0.298274
0.003754,    0.220321,    0.298298
0.003758,    0.220334,    0.298323
0.003763,    0.220348,    0.298347
0.003767,    0.220361,    0.298372
0.003771,    0.220375,    0.298396
0.003775,    0.220388,    0.298421
0.003779,    0.220402,    0.298446
0.003783,    0.220415,    0.298470
0.003788,    0.220429,    0.298495
0.003792,    0.220442,    0.298519
0.003796,    0.220456,    0.298543
0.003800,    0.220469,    0.298568
0.003804,    0.220483,    0.298592
0.003808,    0.220496,    0.298617
0.003813,    0.220509,    0.298641
0.003817,    0.220523,    0.298665
0.003821,    0.220536,    0.298690
0.003825,    0.220550,    0.298714
0.003829,    0.220563,    0.298739
0.003833,    0.220576,    0.298763
0.003838,    0.220590,    0.298787
0.003842,    0.220603,    0.298811
0.003846,    0.220616,    0.298836
0.003850,    0.220630,    0.298860
0.003854,    0.220643,    0.298884
0.003858,    0.220656,    0.298908
0.003863,    0.220669,    0.298933
0.003867,    0.220683,    0.298957
0.003871,    0.220696,    0.298981
0.003875,    0.220709,    0.299005
0.003879,    0.220723,    0.299029
0.003883,    0.220736,    0.299053
0.003888,    0.220749,    0.299077
0.003892,    0.220762,    0.299102
0.003896,    0.220776,    0.299126
0.003900,    0.220789,    0.299150
0.003904,    0.220802,    0.299174
0.003908,    0.220815,    0.299198
0.003913,    0.220828,    0.299222
0.003917,    0.220842,    0.299246
0.003921,    0.220855,    0.299270
0.003925,    0.220868,    0.299294
0.003929,    0.220881,    0.299318
0.003933,    0.220894,    0.299342
0.003938,    0.220907,    0.299366
0.003942,    0.220920,    0.299389
0.003946,    0.220934,    0.299413
0.003950,    0.220947,    0.299437
0.003954,    0.220960,    0.299461
0.003958,    0.220973,    0.299485
0.003963,    0.220986,    0.299509
0.003967,    0.220999,    0.299533
0.003971,    0.221012,    0.299556
0.003975,    0.221025,    0.299580
0.003979,    0.221038,    0.299604
0.003983,    0.221051,    0.299628
0.003988,    0.221064,    0.299651
0.003992,    0.221077,    0.299675
0.003996,    0.221090,    0.299699
0.004000,    0.221103,    0.299722
0.004004,    0.221117,    0.299746
0.004008,    0.221130,    0.299770
0.004013,    0.221143,    0.299793
0.004017,    0.221155,    0.299817
0.004021,    0.221168,    0.299841
0.004025,    0.221181,    0.299864
0.004029,    0.221194,    0.299888
0.004033,    0.221207,    0.299911
0.004038,    0.221220,    0.299935
0.004042,    0.221233,    0.299959
0.004046,    0.221246,    0.299982
0.004050,    0.221259,    0.300006
0.004054,    0.221272,    0.300029
0.004058,    0.221285,    0.300053
0.004063,    0.221298,    0.300076
0.004067,    0.221311,    0.300099
0.004071,    0.221324,    0.300123
0.004075,    0.221336,    0.300146
0.004079,    0.221349,    0.300170
0.004083,    0.221362,    0.300193
0.004088,    0.221375,    0.300217
0.004092,    0.221388,    0.300240
0.004096,    0.221401,    0.300263
0.004100,    0.221413,    0.300287
0.004104,    0.221426,    0.300310
0.004108,    0.221439,    0.300333
0.004113,    0.221452,    0.300356
0.004117,    0.221465,    0.300380
0.004121,    0.221477,    0.300403
0.004125,    0.221490,    0.300426
0.004129,    0.221503,    0.300449
0.004133,    0.221516,    0.300473
0.004138,    0.221529,    0.300496
0.004142,    0.221541,    0.300519
0.004146,    0.221554,    0.300542
0.004150,    0.221567,    0.300565
0.004154,    0.221579,    0.300589
0.004158,    0.221592,    0.300612
0.004163,    0.221605,    0.300635
0.004167,    0.221618,    0.300658
0.004171,    0.221630,    0.300681
0.004175,    0.221643,    0.300704
0.004179,    0.221656,    0.300727
0.004183,    0.221668,    0.300750
0.004188,    0.221681,    0.300773
0.004192,    0.221694,    0.300796
0.004196,    0.221706,    0.300819
0.004200,    0.221719,    0.300842
0.004204,    0.221732,    0.300865
0.004208,    0.221744,    0.300888
0.004213,    0.221757,    0.300911
0.004217,    0.221769,    0.300934
0.004221,    0.221782,    0.300957
0.004225,    0.221795,    0.300980
0.004229,    0.221807,    0.301003
0.004233,    0.221820,    0.301026
0.004238,    0.221832,    0.301048
0.004242,    0.221845,    0.301071
0.004246,    0.221857,    0.301094
0.004250,    0.221870,    0.301117
0.004254,    0.221883,    0.301140
0.004258,    0.221895,    0.301162
0.004263,    0.221908,    0.301185
0.004267,    0.221920,    0.301208
0.004271,    0.221933,    0.301231
0.004275,    0.221945,    0.301254
0.004279,    0.221958,    0.301276
0.004283,    0.221970,    0.301299
0.004288,    0.221983,    0.301322
0.004292,    0.221995,    0.301344
0.004296,    0.222008,    0.301367
0.004300,    0.222020,    0.301390
0.004304,    0.222032,    0.301412
0.004308,    0.222045,    0.301435
0.004313,    0.222057,    0.301457
0.004317,    0.222070,    0.301480
0.004321,    0.222082,    0.301503
0.004325,    0.222095,    0.301525
0.004329,    0.222107,    0.301548
0.004333,    0.222119,    0.301570
0.004338,    0.222132,    0.301593
0.004342,    0.222144,    0.301615
0.004346,    0.222157,    0.301638
0.004350,    0.222169,    0.301660
0.004354,    0.222181,    0.301683
0.004358,    0.222194,    0.301705
0.004363,    0.222206,    0.301728
0.004367,    0.222218,    0.301750
0.004371,    0.222231,    0.301773
0.004375,    0.222243,    0.301795
0.004379,    0.222255,    0.301817
0.004383,    0.222268,    0.301840
0.004388,    0.222280,    0.301862
0.004392,    0.222292,    0.301884
0.004396,    0.222304,    0.301907
0.004400,    0.222317,    0.301929
0.004404,    0.222329,    0.301951
0.004408,    0.222341,    0.301974
0.004413,    0.222354,    0.301996
0.004417,    0.222366,    0.302018
0.004421,    0.222378,    0.302041
0.004425,    0.222390,    0.302063
0.004429,    0.222403,    0.302085
0.004433,    0.222415,    0.302107
0.004438,    0.222427,    0.302129
0.004442,    0.222439,    0.302152
0.004446,    0.222451,    0.302174
0.004450,    0.222464,    0.302196
0.004454,    0.222476,    0.302218
0.004458,    0.222488,    0.302240
0.004463,    0.222500,    0.302262
0.004467,    0.222512,    0.302285
0.004471,    0.222525,    0.302307
0.004475,    0.222537,    0.302329
0.004479,    0.222549,    0.302351
0.004483,    0.222561,    0.302373
0.004488,    0.222573,    0.302395
0.004492,    0.222585,    0.302417
0.004496,    0.222597,    0.302439
0.004500,    0.222609,    0.302461
0.004504,    0.222622,    0.302483
0.004508,    0.222634,    0.302505
0.004513,    0.222646,    0.302527
0.004517,    0.222658,    0.302549
0.004521,    0.222670,    0.302571
0.004525,    0.222682,    0.302593
0.004529,    0.222694,    0.302615
0.004533,    0.222706,    0.302637
0.004538,    0.222718,    0.302658
0.004542,    0.222730,    0.302680
0.004546,    0.222742,    0.302702
0.004550,    0.222754,    0.302724
0.004554,    0.222766,    0.302746
0.004558,    0.222778,    0.302768
0.004563,    0.222790,    0.302790
0.004567,    0.222802,    0.302811
0.004571,    0.222814,    0.302833
0.004575,    0.222826,    0.302855
0.004579,    0.222838,    0.302877
0.004583,    0.222850,    0.302898
0.004588,    0.222862,    0.302920
0.004592,    0.222874,    0.302942
0.004596,    0.222886,    0.302964
0.004600,    0.222898,    0.302985
0.004604,    0.222910,    0.303007
0.004608,    0.222922,    0.303029
0.004613,    0.222934,    0.303050
0.004617,    0.222946,    0.303072
0.004621,    0.222958,    0.303094
0.004625,    0.222970,    0.303115
0.004629,    0.222982,    0.303137
0.004633,    0.222994,    0.303158
0.004638,    0.223005,    0.303180
0.004642,    0.223017,    0.303202
0.004646,    0.223029,    0.303223
0.004650,    0.223041,    0.303245
0.004654,    0.223053,    0.303266
0.004658,    0.223065,    0.303288
0.004663,    0.223077,    0.303309
0.004667,    0.223089,    0.303331
0.004671,    0.223100,    0.303352
0.004675,    0.223112,    0.303374
0.004679,    0.223124,    0.303395
0.004683,    0.223136,    0.303417
0.004688,    0.223148,    0.303438
0.004692,    0.223160,    0.303460
0.004696,    0.223171,    0.303481
0.004700,    0.223183,    0.303502
0.004704,    0.223195,    0.303524
0.004708,    0.223207,    0.303545
0.004713,    0.223218,    0.303567
0.004717,    0.223230,    0.303588
0.004721,    0.223242,    0.303609
0.004725,    0.223254,    0.303631
0.004729,    0.223266,    0.303652
0.004733,    0.223277,    0.303673
0.004738,    0.223289,    0.303694
0.004742,    0.223301,    0.303716
0.004746,    0.223312,    0.303737
0.004750,    0.223324,    0.303758
0.004754,    0.223336,    0.303780
0.004758,    0.223348,    0.303801
0.004763,    0.223359,    0.303822
0.004767,    0.223371,    0.303843
0.004771,    0.223383,    0.303864
0.004775,    0.223394,    0.303886
0.004779,    0.223406,    0.303907
0.004783,    0.223418,    0.303928
0.004788,    0.223429,    0.303949
0.004792,    0.223441,    0.303970
0.004796,    0.223453,    0.303991
0.004800,    0.223464,    0.304012
0.004804,    0.223476,    0.304034
0.004808,    0.223488,    0.304055
0.004813,    0.223499,    0.304076
0.004817,    0.223511,    0.304097
0.004821,    0.223522,    0.304118
0.004825,    0.223534,    0.304139
0.004829,    0.223546,    0.304160
0.004833,    0.223557,    0.304181
0.004838,    0.223569,    0.304202
0.004842,    0.223580,    0.304223
0.004846,    0.223592,    0.304244
0.004850,    0.223604,    0.304265
0.004854,    0.223615,    0.304286
0.004858,    0.223627,    0.304307
0.004863,    0.223638,    0.304328
0.004867,    0.223650,    0.304349
0.004871,    0.223661,    0.304370
0.004875,    0.223673,    0.304391
0.004879,    0.223684,    0.304411
0.004883,    0.223696,    0.304432
0.004888,    0.223707,    0.304453
0.004892,    0.223719,    0.304474
0.004896,    0.223730,    0.304495
0.004900,    0.223742,    0.304516
0.004904,    0.223753,    0.304537
0.004908,    0.223765,    0.304557
0.004913,    0.223776,    0.304578
0.004917,    0.223788,    0.304599
0.004921,    0.223799,    0.304620
0.004925,    0.223811,    0.304640
0.004929,    0.223822,    0.304661
0.004933,    0.223834,    0.304682
0.004938,    0.223845,    0.304703
0.004942,    0.223857,    0.304723
0.004946,    0.223868,    0.304744
0.004950,    0.223879,    0.304765
0.004954,    0.223891,    0.304785
0.004958,    0.223902,    0.304806
0.004963,    0.223914,    0.304827
0.004967,    0.223925,    0.304847
0.004971,    0.223936,    0.304868
0.004975,    0.223948,    0.304889
0.004979,    0.223959,    0.304909
0.004983,    0.223971,    0.304930
0.004988,    0.223982,    0.304951
0.004992,    0.223993,    0.304971
0.004996,    0.224005,    0.304992
0.005000,    0.224016,    0.305012
0.005004,    0.224027,    0.305033
0.005008,    0.224039,    0.305053
0.005013,    0.224050,    0.305074
0.005017,    0.224061,    0.305094
0.005021,    0.224073,    0.305115
0.005025,    0.224084,    0.305135
0.005029,    0.224095,    0.305156
0.005033,    0.224107,    0.305176
0.005038,    0.224118,    0.305197
0.005042,    0.224129,    0.305217
0.005046,    0.224140,    0.305238
0.005050,    0.224152,    0.305258
0.005054,    0.224163,    0.305279
0.005058,    0.224174,    0.305299
0.005063,    0.224186,    0.305319
0.005067,    0.224197,    0.305340
0.005071,    0.224208,    0.305360
0.005075,    0.224219,    0.305381
0.005079,    0.224231,    0.305401
0.005083,    0.224242,    0.305421
0.005088,    0.224253,    0.305442
0.005092,    0.224264,    0.305462
0.005096,    0.224276,    0.305482
0.005100,    0.224287,    0.305502
0.005104,    0.224298,    0.305523
0.005108,    0.224309,    0.305543
0.005113,    0.224320,    0.305563
0.005117,    0.224332,    0.305584
0.005121,    0.224343,    0.305604
0.005125,    0.224354,    0.305624
0.005129,    0.224365,    0.305644
0.005133,    0.224376,    0.305664
0.005138,    0.224387,    0.305685
0.005142,    0.224399,    0.305705
0.005146,    0.224410,    0.305725
0.005150,    0.224421,    0.305745
0.005154,    0.224432,    0.305765
0.005158,    0.224443,    0.305785
0.005163,    0.224454,    0.305806
0.005167,    0.224465,    0.305826
0.005171,    0.224477,    0.305846
0.005175,    0.224488,    0.305866
0.005179,    0.224499,    0.305886
0.005183,    0.224510,    0.305906
0.005188,    0.224521,    0.305926
0.005192,    0.224532,    0.305946
0.005196,    0.224543,    0.305966
0.005200,    0.224554,    0.305986
0.005204,    0.224565,    0.306006
0.005208,    0.224576,    0.306026
0.005213,    0.224587,    0.306046
0.005217,    0.224598,    0.306066
0.005221,    0.224609,    0.306086
0.005225,    0.224621,    0.306106
0.005229,    0.224632,    0.306126
0.005233,    0.224643,    0.306146
0.005238,    0.224654,    0.306166
0.005242,    0.224665,    0.306186
0.005246,    0.224676,    0.306206
0.005250,    0.224687,    0.306226
0.005254,    0.224698,    0.306246
0.005258,    0.224709,    0.306266
0.005263,    0.224720,    0.306286
0.005267,    0.224731,    0.306306
0.005271,    0.224742,    0.306325
0.005275,    0.224753,    0.306345
0.005279,    0.224764,    0.306365
0.005283,    0.224775,    0.306385
0.005288,    0.224786,    0.306405
0.005292,    0.224797,    0.306425
0.005296,    0.224807,    0.306444
0.005300,    0.224818,    0.306464
0.005304,    0.224829,    0.306484
0.005308,    0.224840,    0.306504
0.005313,    0.224851,    0.306523
0.005317,    0.224862,    0.306543
0.005321,    0.224873,    0.306563
0.005325,    0.224884,    0.306583
0.005329,    0.224895,    0.306602
0.005333,    0.224906,    0.306622
0.005338,    0.224917,    0.306642
0.005342,    0.224928,    0.306661
0.005346,    0.224939,    0.306681
0.005350,    0.224949,    0.306701
0.005354,    0.224960,    0.306720
0.005358,    0.224971,    0.306740
0.005363,    0.224982,    0.306760
0.005367,    0.224993,    0.306779
0.005371,    0.225004,    0.306799
0.005375,    0.225015,    0.306819
0.005379,    0.225025,    0.306838
0.005383,    0.225036,    0.306858
0.005388,    0.225047,    0.306877
0.005392,    0.225058,    0.306897
0.005396,    0.225069,    0.306916
0.005400,    0.225080,    0.306936
0.005404,    0.225090,    0.306956
0.005408,    0.225101,    0.306975
0.005413,    0.225112,    0.306995
0.005417,    0.225123,    0.307014
0.005421,    0.225134,    0.307034
0.005425,    0.225144,    0.307053
0.005429,    0.225155,    0.307073
0.005433,    0.225166,    0.307092
0.005438,    0.225177,    0.307111
0.005442,    0.225188,    0.307131
0.005446,    0.225198,    0.307150
0.005450,    0.225209,    0.307170
0.005454,    0.225220,    0.307189
0.005458,    0.225231,    0.307209
0.005463,    0.225241,    0.307228
0.005467,    0.225252,    0.307247
0.005471,    0.225263,    0.307267
0.005475,    0.225274,    0.307286
0.005479,    0.225284,    0.307305
0.005483,    0.225295,    0.307325
0.005488,    0.225306,    0.307344
0.005492,    0.225316,    0.307363
0.005496,    0.225327,    0.307383
0.005500,    0.225338,    0.307402
0.005504,    0.225348,    0.307421
0.005508,    0.225359,    0.307441
0.005513,    0.225370,    0.307460
0.005517,    0.225381,    0.307479
0.005521,    0.225391,    0.307498
0.005525,    0.225402,    0.307518
0.005529,    0.225413,    0.307537
0.005533,    0.225423,    0.307556
0.005538,    0.225434,    0.307575
0.005542,    0.225444,    0.307595
0.005546,    0.225455,    0.307614
0.005550,    0.225466,    0.307633
0.005554,    0.225476,    0.307652
0.005558,    0.225487,    0.307671
0.005563,    0.225498,    0.307691
0.005567,    0.225508,    0.307710
0.005571,    0.225519,    0.307729
0.005575,    0.225529,    0.307748
0.005579,    0.225540,    0.307767
0.005583,    0.225551,    0.307786
0.005588,    0.225561,    0.307805
0.005592,    0.225572,    0.307824
0.005596,    0.225582,    0.307843
0.005600,    0.225593,    0.307863
0.005604,    0.225604,    0.307882
0.005608,    0.225614,    0.307901
0.005613,    0.225625,    0.307920
0.005617,    0.225635,    0.307939
0.005621,    0.225646,    0.307958
0.005625,    0.225656,    0.307977
0.005629,    0.225667,    0.307996
0.005633,    0.225677,    0.308015
0.005638,    0.225688,    0.308034
0.005642,    0.225699,    0.308053
0.005646,    0.225709,    0.308072
0.005650,    0.225720,    0.308091
0.005654,    0.225730,    0.308110
0.005658,    0.225741,    0.308129
0.005663,    0.225751,    0.308148
0.005667,    0.225762,    0.308166
0.005671,    0.225772,    0.308185
0.005675,    0.225783,    0.308204
0.005679,    0.225793,    0.308223
0.005683,    0.225804,    0.308242
0.005688,    0.225814,    0.308261
0.005692,    0.225825,    0.308280
0.005696,    0.225835,    0.308299
0.005700,    0.225845,    0.308318
0.005704,    0.225856,    0.308336
0.005708,    0.225866,    0.308355
0.005713,    0.225877,    0.308374
0.005717,    0.225887,    0.308393
0.005721,    0.225898,    0.308412
0.005725,    0.225908,    0.308430
0.005729,    0.225919,    0.308449
0.005733,    0.225929,    0.308468
0.005738,    0.225939,    0.308487
0.005742,    0.225950,    0.308506
0.005746,    0.225960,    0.308524
0.005750,    0.225971,    0.308543
0.005754,    0.225981,    0.308562
0.005758,    0.225991,    0.308581
0.005763,    0.226002,    0.308599
0.005767,    0.226012,    0.308618
0.005771,    0.226023,    0.308637
0.005775,    0.226033,    0.308655
0.005779,    0.226043,    0.308674
0.005783,    0.226054,    0.308693
0.005788,    0.226064,    0.308711
0.005792,    0.226074,    0.308730
0.005796,    0.226085,    0.308749
0.005800,    0.226095,    0.308767
0.005804,    0.226105,    0.308786
0.005808,    0.226116,    0.308804
0.005813,    0.226126,    0.308823
0.005817,    0.226136,    0.308842
0.005821,    0.226147,    0.308860
0.005825,    0.226157,    0.308879
0.005829,    0.226167,    0.308897
0.005833,    0.226178,    0.308916
0.005838,    0.226188,    0.308935
0.005842,    0.226198,    0.308953
0.005846,    0.226209,    0.308972
0.005850,    0.226219,    0.308990
0.005854,    0.226229,    0.309009
0.005858,    0.226239,    0.309027
0.005863,    0.226250,    0.309046
0.005867,    0.226260,    0.309064
0.005871,    0.226270,    0.309083
0.005875,    0.226281,    0.309101
0.005879,    0.226291,    0.309120
0.005883,    0.226301,    0.309138
0.005888,    0.226311,    0.309156
0.005892,    0.226322,    0.309175
0.005896,    0.226332,    0.309193
0.005900,    0.226342,    0.309212
0.005904,    0.226352,    0.309230
0.005908,    0.226363,    0.309249
0.005913,    0.226373,    0.309267
0.005917,    0.226383,    0.309285
0.005921,    0.226393,    0.309304
0.005925,    0.226403,    0.309322
0.005929,    0.226414,    0.309340
0.005933,    0.226424,    0.309359
0.005938,    0.226434,    0.309377
0.005942,    0.226444,    0.309395
0.005946,    0.226454,    0.309414
0.005950,    0.226465,    0.309432
0.005954,    0.226475,    0.309450
0.005958,    0.226485,    0.309469
0.005963,    0.226495,    0.309487
0.005967,    0.226505,    0.309505
0.005971,    0.226515,    0.309523
0.005975,    0.226526,    0.309542
0.005979,    0.226536,    0.309560
0.005983,    0.226546,    0.309578
0.005988,    0.226556,    0.309596
0.005992,    0.226566,    0.309615
0.005996,    0.226576,    0.309633
0.006000,    0.226586,    0.309651
0.006004,    0.226597,    0.309669
0.006008,    0.226607,    0.309688
0.006013,    0.226617,    0.309706
0.006017,    0.226627,    0.309724
0.006021,    0.226637,    0.309742
0.006025,    0.226647,    0.309760
0.006029,    0.226657,    0.309778
0.006033,    0.226667,    0.309797
0.006038,    0.226677,    0.309815
0.006042,    0.226687,    0.309833
0.006046,    0.226698,    0.309851
0.006050,    0.226708,    0.309869
0.006054,    0.226718,    0.309887
0.006058,    0.226728,    0.309905
0.006063,    0.226738,    0.309923
0.006067,    0.226748,    0.309941
0.006071,    0.226758,    0.309959
0.006075,    0.226768,    0.309977
0.006079,    0.226778,    0.309996
0.006083,    0.226788,    0.310014
0.006088,    0.226798,    0.310032
0.006092,    0.226808,    0.310050
0.006096,    0.226818,    0.310068
0.006100,    0.226828,    0.310086
0.006104,    0.226838,    0.310104
0.006108,    0.226848,    0.310122
0.006113,    0.226858,    0.310140
0.006117,    0.226868,    0.310158
0.006121,    0.226878,    0.310176
0.006125,    0.226888,    0.310193
0.006129,    0.226898,    0.310211
0.006133,    0.226908,    0.310229
0.006138,    0.226918,    0.310247
0.006142,    0.226928,    0.310265
0.006146,    0.226938,    0.310283
0.006150,    0.226948,    0.310301
0.006154,    0.226958,    0.310319
0.006158,    0.226968,    0.310337
0.006163,    0.226978,    0.310355
0.006167,    0.226988,    0.310373
0.006171,    0.226998,    0.310390
0.006175,    0.227008,    0.310408
0.006179,    0.227018,    0.310426
0.006183,    0.227028,    0.310444
0.006188,    0.227038,    0.310462
0.006192,    0.227048,    0.310480
0.006196,    0.227058,    0.310497
0.006200,    0.227067,    0.310515
0.006204,    0.227077,    0.310533
0.006208,    0.227087,    0.310551
0.006213,    0.227097,    0.310569
0.006217,    0.227107,    0.310586
0.006221,    0.227117,    0.310604
0.006225,    0.227127,    0.310622
0.006229,    0.227137,    0.310640
0.006233,    0.227147,    0.310657
0.006238,    0.227157,    0.310675
0.006242,    0.227166,    0.310693
0.006246,    0.227176,    0.310711
0.006250,    0.227186,    0.310728
0.006254,    0.227196,    0.310746
0.006258,    0.227206,    0.310764
0.006263,    0.227216,    0.310781
0.006267,    0.227226,    0.310799
0.006271,    0.227235,    0.310817
0.006275,    0.227245,    0.310834
0.006279,    0.227255,    0.310852
0.006283,    0.227265,    0.310870
0.006288,    0.227275,    0.310887
0.006292,    0.227285,    0.310905
0.006296,    0.227295,    0.310923
0.006300,    0.227304,    0.310940
0.006304,    0.227314,    0.310958
0.006308,    0.227324,    0.310975
0.006313,    0.227334,    0.310993
0.006317,    0.227344,    0.311011
0.006321,    0.227353,    0.311028
0.006325,    0.227363,    0.311046
0.006329,    0.227373,    0.311063
0.006333,    0.227383,    0.311081
0.006338,    0.227393,    0.311098
0.006342,    0.227402,    0.311116
0.006346,    0.227412,    0.311134
0.006350,    0.227422,    0.311151
0.006354,    0.227432,    0.311169
0.006358,    0.227441,    0.311186
0.006363,    0.227451,    0.311204
0.006367,    0.227461,    0.311221
0.006371,    0.227471,    0.311239
0.006375,    0.227480,    0.311256
0.006379,    0.227490,    0.311273
0.006383,    0.227500,    0.311291
0.006388,    0.227510,    0.311308
0.006392,    0.227519,    0.311326
0.006396,    0.227529,    0.311343
0.006400,    0.227539,    0.311361
0.006404,    0.227549,    0.311378
0.006408,    0.227558,    0.311396
0.006413,    0.227568,    0.311413
0.006417,    0.227578,    0.311430
0.006421,    0.227587,    0.311448
0.006425,    0.227597,    0.311465
0.006429,    0.227607,    0.311482
0.006433,    0.227616,    0.311500
0.006438,    0.227626,    0.311517
0.006442,    0.227636,    0.311535
0.006446,    0.227646,    0.311552
0.006450,    0.227655,    0.311569
0.006454,    0.227665,    0.311587
0.006458,    0.227675,    0.311604
0.006463,    0.227684,    0.311621
0.006467,    0.227694,    0.311638
0.006471,    0.227704,    0.311656
0.006475,    0.227713,    0.311673
0.006479,    0.227723,    0.311690
0.006483,    0.227732,    0.311708
0.006488,    0.227742,    0.311725
0.006492,    0.227752,    0.311742
0.006496,    0.227761,    0.311759
0.006500,    0.227771,    0.311777
0.006504,    0.227781,    0.311794
0.006508,    0.227790,    0.311811
0.006513,    0.227800,    0.311828
0.006517,    0.227810,    0.311846
0.006521,    0.227819,    0.311863
0.006525,    0.227829,    0.311880
0.006529,    0.227838,    0.311897
0.006533,    0.227848,    0.311914
0.006538,    0.227858,    0.311931
0.006542,    0.227867,    0.311949
0.006546,    0.227877,    0.311966
0.006550,    0.227886,    0.311983
0.006554,    0.227896,    0.312000
0.006558,    0.227905,    0.312017
0.006563,    0.227915,    0.312034
0.006567,    0.227925,    0.312051
0.006571,    0.227934,    0.312069
0.006575,    0.227944,    0.312086
0.006579,    0.227953,    0.312103
0.006583,    0.227963,    0.312120
0.006588,    0.227972,    0.312137
0.006592,    0.227982,    0.312154
0.006596,    0.227991,    0.312171
0.006600,    0.228001,    0.312188
0.006604,    0.228010,    0.312205
0.006608,    0.228020,    0.312222
0.006613,    0.228030,    0.312239
0.006617,    0.228039,    0.312256
0.006621,    0.228049,    0.312273
0.006625,    0.228058,    0.312290
0.006629,    0.228068,    0.312307
0.006633,    0.228077,    0.312324
0.006638,    0.228087,    0.312341
0.006642,    0.228096,    0.312358
0.006646,    0.228106,    0.312375
0.006650,    0.228115,    0.312392
0.006654,    0.228125,    0.312409
0.006658,    0.228134,    0.312426
0.006663,    0.228144,    0.312443
0.006667,    0.228153,    0.312460
0.006671,    0.228163,    0.312477
0.006675,    0.228172,    0.312494
0.006679,    0.228181,    0.312511
0.006683,    0.228191,    0.312528
0.006688,    0.228200,    0.312545
0.006692,    0.228210,    0.312562
0.006696,    0.228219,    0.312579
0.006700,    0.228229,    0.312595
0.006704,    0.228238,    0.312612
0.006708,    0.228248,    0.312629
0.006713,    0.228257,    0.312646
0.006717,    0.228266,    0.312663
0.006721,    0.228276,    0.312680
0.006725,    0.228285,    0.312697
0.006729,    0.228295,    0.312713
0.006733,    0.228304,    0.312730
0.006738,    0.228314,    0.312747
0.006742,    0.228323,    0.312764
0.006746,    0.228332,    0.312781
0.006750,    0.228342,    0.312798
0.006754,    0.228351,    0.312814
0.006758,    0.228361,    0.312831
0.006763,    0.228370,    0.312848
0.006767,    0.228379,    0.312865
0.006771,    0.228389,    0.312881
0.006775,    0.228398,    0.312898
0.006779,    0.228407,    0.312915
0.006783,    0.228417,    0.312932
0.006788,    0.228426,    0.312948
0.006792,    0.228436,    0.312965
0.006796,    0.228445,    0.312982
0.006800,    0.228454,    0.312999
0.006804,    0.228464,    0.313015
0.006808,    0.228473,    0.313032
0.006813,    0.228482,    0.313049
0.006817,    0.228492,    0.313065
0.006821,    0.228501,    0.313082
0.006825,    0.228510,    0.313099
0.006829,    0.228520,    0.313115
0.006833,    0.228529,    0.313132
0.006838,    0.228538,    0.313149
0.006842,    0.228548,    0.313165
0.006846,    0.228557,    0.313182
0.006850,    0.228566,    0.313199
0.006854,    0.228576,    0.313215
0.006858,    0.228585,    0.313232
0.006863,    0.228594,    0.313248
0.006867,    0.228604,    0.313265
0.006871,    0.228613,    0.313282
0.006875,    0.228622,    0.313298
0.006879,    0.228631,    0.313315
0.006883,    0.228641,    0.313331
0.006888,    0.228650,    0.313348
0.006892,    0.228659,    0.313365
0.006896,    0.228669,    0.313381
0.006900,    0.228678,    0.313398
0.006904,    0.228687,    0.313414
0.006908,    0.228696,    0.313431
0.006913,    0.228706,    0.313447
0.006917,    0.228715,    0.313464
0.006921,    0.228724,    0.313480
0.006925,    0.228733,    0.313497
0.006929,    0.228743,    0.313513
0.006933,    0.228752,    0.313530
0.006938,    0.228761,    0.313546
0.006942,    0.228770,    0.313563
0.006946,    0.228780,    0.313579
0.006950,    0.228789,    0.313596
0.006954,    0.228798,    0.313612
0.006958,    0.228807,    0.313629
0.006963,    0.228816,    0.313645
0.006967,    0.228826,    0.313661
0.006971,    0.228835,    0.313678
0.006975,    0.228844,    0.313694
0.006979,    0.228853,    0.313711
0.006983,    0.228862,    0.313727
0.006988,    0.228872,    0.313744
0.006992,    0.228881,    0.313760
0.006996,    0.228890,    0.313776
0.007000,    0.228899,    0.313793
0.007004,    0.228908,    0.313809
0.007008,    0.228918,    0.313826
0.007013,    0.228927,    0.313842
0.007017,    0.228936,    0.313858
0.007021,    0.228945,    0.313875
0.007025,    0.228954,    0.313891
0.007029,    0.228963,    0.313907
0.007033,    0.228973,    0.313924
0.007038,    0.228982,    0.313940
0.007042,    0.228991,    0.313956
0.007046,    0.229000,    0.313973
0.007050,    0.229009,    0.313989
0.007054,    0.229018,    0.314005
0.007058,    0.229027,    0.314021
0.007063,    0.229037,    0.314038
0.007067,    0.229046,    0.314054
0.007071,    0.229055,    0.314070
0.007075,    0.229064,    0.314087
0.007079,    0.229073,    0.314103
0.007083,    0.229082,    0.314119
0.007088,    0.229091,    0.314135
0.007092,    0.229100,    0.314152
0.007096,    0.229110,    0.314168
0.007100,    0.229119,    0.314184
0.007104,    0.229128,    0.314200
0.007108,    0.229137,    0.314216
0.007113,    0.229146,    0.314233
0.007117,    0.229155,    0.314249
0.007121,    0.229164,    0.314265
0.007125,    0.229173,    0.314281
0.007129,    0.229182,    0.314297
0.007133,    0.229191,    0.314314
0.007138,    0.229200,    0.314330
0.007142,    0.229210,    0.314346
0.007146,    0.229219,    0.314362
0.007150,    0.229228,    0.314378
0.007154,    0.229237,    0.314394
0.007158,    0.229246,    0.314410
0.007163,    0.229255,    0.314427
0.007167,    0.229264,    0.314443
0.007171,    0.229273,    0.314459
0.007175,    0.229282,    0.314475
0.007179,    0.229291,    0.314491
0.007183,    0.229300,    0.314507
0.007188,    0.229309,    0.314523
0.007192,    0.229318,    0.314539
0.007196,    0.229327,    0.314555
0.007200,    0.229336,    0.314571
0.007204,    0.229345,    0.314587
0.007208,    0.229354,    0.314603
0.007213,    0.229363,    0.314620
0.007217,    0.229372,    0.314636
0.007221,    0.229381,    0.314652
0.007225,    0.229390,    0.314668
0.007229,    0.229399,    0.314684
0.007233,    0.229408,    0.314700
0.007238,    0.229417,    0.314716
0.007242,    0.229426,    0.314732
0.007246,    0.229435,    0.314748
0.007250,    0.229444,    0.314764
0.007254,    0.229453,    0.314780
0.007258,    0.229462,    0.314796
0.007263,    0.229471,    0.314812
0.007267,    0.229480,    0.314828
0.007271,    0.229489,    0.314844
0.007275,    0.229498,    0.314859
0.007279,    0.229507,    0.314875
0.007283,    0.229516,    0.314891
0.007288,    0.229525,    0.314907
0.007292,    0.229534,    0.314923
0.007296,    0.229543,    0.314939
0.007300,    0.229552,    0.314955
0.007304,    0.229561,    0.314971
0.007308,    0.229570,    0.314987
0.007313,    0.229578,    0.315003
0.007317,    0.229587,    0.315019
0.007321,    0.229596,    0.315035
0.007325,    0.229605,    0.315050
0.007329,    0.229614,    0.315066
0.007333,    0.229623,    0.315082
0.007338,    0.229632,    0.315098
0.007342,    0.229641,    0.315114
0.007346,    0.229650,    0.315130
0.007350,    0.229659,    0.315146
0.007354,    0.229668,    0.315161
0.007358,    0.229677,    0.315177
0.007363,    0.229685,    0.315193
0.007367,    0.229694,    0.315209
0.007371,    0.229703,    0.315225
0.007375,    0.229712,    0.315240
0.007379,    0.229721,    0.315256
0.007383,    0.229730,    0.315272
0.007388,    0.229739,    0.315288
0.007392,    0.229748,    0.315304
0.007396,    0.229756,    0.315319
0.007400,    0.229765,    0.315335
0.007404,    0.229774,    0.315351
0.007408,    0.229783,    0.315367
0.007413,    0.229792,    0.315382
0.007417,    0.229801,    0.315398
0.007421,    0.229810,    0.315414
0.007425,    0.229818,    0.315430
0.007429,    0.229827,    0.315445
0.007433,    0.229836,    0.315461
0.007438,    0.229845,    0.315477
0.007442,    0.229854,    0.315492
0.007446,    0.229863,    0.315508
0.007450,    0.229872,    0.315524
0.007454,    0.229880,    0.315539
0.007458,    0.229889,    0.315555
0.007463,    0.229898,    0.315571
0.007467,    0.229907,    0.315586
0.007471,    0.229916,    0.315602
0.007475,    0.229924,    0.315618
0.007479,    0.229933,    0.315633
0.007483,    0.229942,    0.315649
0.007488,    0.229951,    0.315665
0.007492,    0.229960,    0.315680
0.007496,    0.229968,    0.315696
0.007500,    0.229977,    0.315712
0.007504,    0.229986,    0.315727
0.007508,    0.229995,    0.315743
0.007513,    0.230004,    0.315758
0.007517,    0.230012,    0.315774
0.007521,    0.230021,    0.315790
0.007525,    0.230030,    0.315805
0.007529,    0.230039,    0.315821
0.007533,    0.230047,    0.315836
0.007538,    0.230056,    0.315852
0.007542,    0.230065,    0.315867
0.007546,    0.230074,    0.315883
0.007550,    0.230082,    0.315898
0.007554,    0.230091,    0.315914
0.007558,    0.230100,    0.315930
0.007563,    0.230109,    0.315945
0.007567,    0.230117,    0.315961
0.007571,    0.230126,    0.315976
0.007575,    0.230135,    0.315992
0.007579,    0.230144,    0.316007
0.007583,    0.230152,    0.316023
0.007588,    0.230161,    0.316038
0.007592,    0.230170,    0.316054
0.007596,    0.230179,    0.316069
0.007600,    0.230187,    0.316085
0.007604,    0.230196,    0.316100
0.007608,    0.230205,    0.316115
0.007613,    0.230213,    0.316131
0.007617,    0.230222,    0.316146
0.007621,    0.230231,    0.316162
0.007625,    0.230239,    0.316177
0.007629,    0.230248,    0.316193
0.007633,    0.230257,    0.316208
0.007638,    0.230266,    0.316224
0.007642,    0.230274,    0.316239
0.007646,    0.230283,    0.316254
0.007650,    0.230292,    0.316270
0.007654,    0.230300,    0.316285
0.007658,    0.230309,    0.316301
0.007663,    0.230318,    0.316316
0.007667,    0.230326,    0.316331
0.007671,    0.230335,    0.316347
0.007675,    0.230344,    0.316362
0.007679,    0.230352,    0.316377
0.007683,    0.230361,    0.316393
0.007688,    0.230370,    0.316408
0.007692,    0.230378,    0.316423
0.007696,    0.230387,    0.316439
0.007700,    0.230396,    0.316454
0.007704,    0.230404,    0.316469
0.007708,    0.230413,    0.316485
0.007713,    0.230421,    0.316500
0.007717,    0.230430,    0.316515
0.007721,    0.230439,    0.316531
0.007725,    0.230447,    0.316546
0.007729,    0.230456,    0.316561
0.007733,    0.230465,    0.316577
0.007738,    0.230473,    0.316592
0.007742,    0.230482,    0.316607
0.007746,    0.230490,    0.316622
0.007750,    0.230499,    0.316638
0.007754,    0.230508,    0.316653
0.007758,    0.230516,    0.316668
0.007763,    0.230525,    0.316683
0.007767,    0.230533,    0.316699
0.007771,    0.230542,    0.316714
0.007775,    0.230551,    0.316729
0.007779,    0.230559,    0.316744
0.007783,    0.230568,    0.316760
0.007788,    0.230576,    0.316775
0.007792,    0.230585,    0.316790
0.007796,    0.230594,    0.316805
0.007800,    0.230602,    0.316820
0.007804,    0.230611,    0.316836
0.007808,    0.230619,    0.316851
0.007813,    0.230628,    0.316866
0.007817,    0.230636,    0.316881
0.007821,    0.230645,    0.316896
0.007825,    0.230653,    0.316911
0.007829,    0.230662,    0.316927
0.007833,    0.230671,    0.316942
0.007838,    0.230679,    0.316957
0.007842,    0.230688,    0.316972
0.007846,    0.230696,    0.316987
0.007850,    0.230705,    0.317002
0.007854,    0.230713,    0.317017
0.007858,    0.230722,    0.317033
0.007863,    0.230730,    0.317048
0.007867,    0.230739,    0.317063
0.007871,    0.230747,    0.317078
0.007875,    0.230756,    0.317093
0.007879,    0.230764,    0.317108
0.007883,    0.230773,    0.317123
0.007888,    0.230781,    0.317138
0.007892,    0.230790,    0.317153
0.007896,    0.230798,    0.317168
0.007900,    0.230807,    0.317183
0.007904,    0.230815,    0.317198
0.007908,    0.230824,    0.317213
0.007913,    0.230832,    0.317229
0.007917,    0.230841,    0.317244
0.007921,    0.230849,    0.317259
0.007925,    0.230858,    0.317274
0.007929,    0.230866,    0.317289
0.007933,    0.230875,    0.317304
0.007938,    0.230883,    0.317319
0.007942,    0.230892,    0.317334
0.007946,    0.230900,    0.317349
0.007950,    0.230909,    0.317364
0.007954,    0.230917,    0.317379
0.007958,    0.230926,    0.317394
0.007963,    0.230934,    0.317409
0.007967,    0.230943,    0.317424
0.007971,    0.230951,    0.317439
0.007975,    0.230960,    0.317453
0.007979,    0.230968,    0.317468
0.007983,    0.230976,    0.317483
0.007988,    0.230985,    0.317498
0.007992,    0.230993,    0.317513
0.007996,    0.231002,    0.317528
0.008000,    0.231010,    0.317543
0.008004,    0.231019,    0.317558
0.008008,    0.231027,    0.317573
0.008013,    0.231035,    0.317588
0.008017,    0.231044,    0.317603
0.008021,    0.231052,    0.317618
0.008025,    0.231061,    0.317633
0.008029,    0.231069,    0.317647
0.008033,    0.231078,    0.317662
0.008038,    0.231086,    0.317677
0.008042,    0.231094,    0.317692
0.008046,    0.231103,    0.317707
0.008050,    0.231111,    0.317722
0.008054,    0.231120,    0.317737
0.008058,    0.231128,    0.317752
0.008063,    0.231136,    0.317766
0.008067,    0.231145,    0.317781
0.008071,    0.231153,    0.317796
0.008075,    0.231161,    0.317811
0.008079,    0.231170,    0.317826
0.008083,    0.231178,    0.317841
0.008088,    0.231187,    0.317855
0.008092,    0.231195,    0.317870
0.008096,    0.231203,    0.317885
0.008100,    0.231212,    0.317900
0.008104,    0.231220,    0.317915
0.008108,    0.231228,    0.317929
0.008113,    0.231237,    0.317944
0.008117,    0.231245,    0.317959
0.008121,    0.231254,    0.317974
0.008125,    0.231262,    0.317988
0.008129,    0.231270,    0.318003
0.008133,    0.231279,    0.318018
0.008138,    0.231287,    0.318033
0.008142,    0.231295,    0.318047
0.008146,    0.231304,    0.318062
0.008150,    0.231312,    0.318077
0.008154,    0.231320,    0.318092
0.008158,    0.231329,    0.318106
0.008163,    0.231337,    0.318121
0.008167,    0.231345,    0.318136
0.008171,    0.231354,    0.318151
0.008175,    0.231362,    0.318165
0.008179,    0.231370,    0.318180
0.008183,    0.231379,    0.318195
0.008188,    0.231387,    0.318209
0.008192,    0.231395,    0.318224
0.008196,    0.231403,    0.318239
0.008200,    0.231412,    0.318253
0.008204,    0.231420,    0.318268
0.008208,    0.231428,    0.318283
0.008213,    0.231437,    0.318297
0.008217,    0.231445,    0.318312
0.008221,    0.231453,    0.318327
0.008225,    0.231461,    0.318341
0.008229,    0.231470,    0.318356
0.008233,    0.231478,    0.318370
0.008238,    0.231486,    0.318385
0.008242,    0.231495,    0.318400
0.008246,    0.231503,    0.318414
0.008250,    0.231511,    0.318429
0.008254,    0.231519,    0.318444
0.008258,    0.231528,    0.318458
0.008263,    0.231536,    0.318473
0.008267,    0.231544,    0.318487
0.008271,    0.231552,    0.318502
0.008275,    0.231561,    0.318516
0.008279,    0.231569,    0.318531
0.008283,    0.231577,    0.318546
0.008288,    0.231585,    0.318560
0.008292,    0.231594,    0.318575
0.008296,    0.231602,    0.318589
0.008300,    0.231610,    0.318604
0.008304,    0.231618,    0.318618
0.008308,    0.231627,    0.318633
0.008313,    0.231635,    0.318647
0.008317,    0.231643,    0.318662
0.008321,    0.231651,    0.318677
0.008325,    0.231660,    0.318691
0.008329,    0.231668,    0.318706
0.008333,    0.231676,    0.318720
