# Time,          dR,        dR_adv         dL
0.000000,    0.000000,    0.000000,    0.000000
0.000004,    0.000000,    0.000000,    -0.000086
0.000008,    0.000000,    0.000000,    0.000027
0.000013,    0.000000,    0.000000,    -0.000038
0.000017,    0.000001,    0.000000,    0.000036
0.000021,    0.000001,    0.000000,    -0.000002
0.000025,    0.000001,    0.000000,    0.000046
0.000029,    0.000001,    0.000000,    0.000026
0.000033,    0.000001,    0.000000,    0.000059
0.000038,    0.000001,    0.000000,    0.000051
0.000042,    0.000001,    0.000000,    0.000074
0.000046,    0.000001,    0.000000,    0.000072
0.000050,    0.000001,    0.000000,    0.000090
0.000054,    0.000001,    0.000001,    0.000093
0.000058,    0.000002,    0.000001,    0.000108
0.000063,    0.000002,    0.000001,    0.000113
0.000067,    0.000002,    0.000001,    0.000125
0.000071,    0.000002,    0.000001,    0.000132
0.000075,    0.000002,    0.000001,    0.000143
0.000079,    0.000002,    0.000001,    0.000151
0.000083,    0.000002,    0.000001,    0.000161
0.000088,    0.000002,    0.000001,    0.000169
0.000092,    0.000002,    0.000001,    0.000179
0.000096,    0.000002,    0.000001,    0.000187
0.000100,    0.000002,    0.000001,    0.000197
0.000104,    0.000002,    0.000001,    0.000205
0.000108,    0.000002,    0.000001,    0.000214
0.000113,    0.000002,    0.000001,    0.000223
0.000117,    0.000002,    0.000001,    0.000232
0.000121,    0.000003,    0.000001,    0.000241
0.000125,    0.000003,    0.000001,    0.000249
0.000129,    0.000003,    0.000001,    0.000258
0.000133,    0.000003,    0.000001,    0.000267
0.000138,    0.000003,    0.000001,    0.000275
0.000142,    0.000003,    0.000001,    0.000284
0.000146,    0.000003,    0.000001,    0.000292
0.000150,    0.000003,    0.000001,    0.000301
0.000154,    0.000003,    0.000001,    0.000309
0.000158,    0.000003,    0.000002,    0.000318
0.000163,    0.000003,    0.000002,    0.000326
0.000167,    0.000003,    0.000002,    0.000334
0.000171,    0.000003,    0.000002,    0.000343
0.000175,    0.000003,    0.000002,    0.000351
0.000179,    0.000003,    0.000002,    0.000359
0.000183,    0.000003,    0.000002,    0.000367
0.000188,    0.000003,    0.000002,    0.000375
0.000192,    0.000003,    0.000002,    0.000384
0.000196,    0.000003,    0.000002,    0.000392
0.000200,    0.000003,    0.000002,    0.000400
0.000204,    0.000004,    0.000002,    0.000408
0.000208,    0.000004,    0.000002,    0.000416
0.000213,    0.000004,    0.000002,    0.000423
0.000217,    0.000004,    0.000002,    0.000431
0.000221,    0.000004,    0.000002,    0.000439
0.000225,    0.000004,    0.000002,    0.000447
0.000229,    0.000004,    0.000002,    0.000455
0.000233,    0.000004,    0.000002,    0.000463
0.000238,    0.000004,    0.000002,    0.000470
0.000242,    0.000004,    0.000002,    0.000478
0.000246,    0.000004,    0.000002,    0.000486
0.000250,    0.000004,    0.000002,    0.000493
0.000254,    0.000004,    0.000002,    0.000501
0.000258,    0.000004,    0.000002,    0.000509
0.000263,    0.000004,    0.000003,    0.000516
0.000267,    0.000004,    0.000003,    0.000524
0.000271,    0.000004,    0.000003,    0.000531
0.000275,    0.000004,    0.000003,    0.000539
0.000279,    0.000004,    0.000003,    0.000546
0.000283,    0.000004,    0.000003,    0.000553
0.000288,    0.000004,    0.000003,    0.000561
0.000292,    0.000004,    0.000003,    0.000568
0.000296,    0.000004,    0.000003,    0.000576
0.000300,    0.000005,    0.000003,    0.000583
0.000304,    0.000005,    0.000003,    0.000590
0.000308,    0.000005,    0.000003,    0.000598
0.000313,    0.000005,    0.000003,    0.000605
0.000317,    0.000005,    0.000003,    0.000612
0.000321,    0.000005,    0.000003,    0.000619
0.000325,    0.000005,    0.000003,    0.000626
0.000329,    0.000005,    0.000003,    0.000634
0.000333,    0.000005,    0.000003,    0.000641
0.000338,    0.000005,    0.000003,    0.000648
0.000342,    0.000005,    0.000003,    0.000655
0.000346,    0.000005,    0.000003,    0.000662
0.000350,    0.000005,    0.000003,    0.000669
0.000354,    0.000005,    0.000003,    0.000676
0.000358,    0.000005,    0.000003,    0.000683
0.000363,    0.000005,    0.000003,    0.000690
0.000367,    0.000005,    0.000004,    0.000697
0.000371,    0.000005,    0.000004,    0.000704
0.000375,    0.000005,    0.000004,    0.000711
0.000379,    0.000005,    0.000004,    0.000718
0.000383,    0.000005,    0.000004,    0.000725
0.000388,    0.000005,    0.000004,    0.000732
0.000392,    0.000005,    0.000004,    0.000739
0.000396,    0.000006,    0.000004,    0.000746
0.000400,    0.000006,    0.000004,    0.000752
0.000404,    0.000006,    0.000004,    0.000759
0.000408,    0.000006,    0.000004,    0.000766
0.000413,    0.000006,    0.000004,    0.000773
0.000417,    0.000006,    0.000004,    0.000780
0.000421,    0.000006,    0.000004,    0.000786
0.000425,    0.000006,    0.000004,    0.000793
0.000429,    0.000006,    0.000004,    0.000800
0.000433,    0.000006,    0.000004,    0.000806
0.000438,    0.000006,    0.000004,    0.000813
0.000442,    0.000006,    0.000004,    0.000820
0.000446,    0.000006,    0.000004,    0.000826
0.000450,    0.000006,    0.000004,    0.000833
0.000454,    0.000006,    0.000004,    0.000840
0.000458,    0.000006,    0.000004,    0.000846
0.000463,    0.000006,    0.000004,    0.000853
0.000467,    0.000006,    0.000004,    0.000860
0.000471,    0.000006,    0.000005,    0.000866
0.000475,    0.000006,    0.000005,    0.000873
0.000479,    0.000007,    0.000005,    0.000879
0.000483,    0.000007,    0.000005,    0.000886
0.000488,    0.000007,    0.000005,    0.000892
0.000492,    0.000007,    0.000005,    0.000899
0.000496,    0.000007,    0.000005,    0.000905
0.000500,    0.000007,    0.000005,    0.000912
0.000504,    0.000007,    0.000005,    0.000918
0.000508,    0.000007,    0.000005,    0.000925
0.000513,    0.000007,    0.000005,    0.000931
0.000517,    0.000007,    0.000005,    0.000938
0.000521,    0.000007,    0.000005,    0.000944
0.000525,    0.000007,    0.000005,    0.000950
0.000529,    0.000007,    0.000005,    0.000957
0.000533,    0.000007,    0.000005,    0.000963
0.000538,    0.000007,    0.000005,    0.000969
0.000542,    0.000007,    0.000005,    0.000976
0.000546,    0.000007,    0.000005,    0.000982
0.000550,    0.000007,    0.000005,    0.000988
0.000554,    0.000007,    0.000005,    0.000995
0.000558,    0.000008,    0.000005,    0.001001
0.000563,    0.000008,    0.000005,    0.001007
0.000567,    0.000008,    0.000005,    0.001014
0.000571,    0.000008,    0.000005,    0.001020
0.000575,    0.000008,    0.000005,    0.001026
0.000579,    0.000008,    0.000006,    0.001032
0.000583,    0.000008,    0.000006,    0.001039
0.000588,    0.000008,    0.000006,    0.001045
0.000592,    0.000008,    0.000006,    0.001051
0.000596,    0.000008,    0.000006,    0.001057
0.000600,    0.000008,    0.000006,    0.001063
0.000604,    0.000008,    0.000006,    0.001070
0.000608,    0.000008,    0.000006,    0.001076
0.000613,    0.000008,    0.000006,    0.001082
0.000617,    0.000008,    0.000006,    0.001088
0.000621,    0.000008,    0.000006,    0.001094
0.000625,    0.000008,    0.000006,    0.001100
0.000629,    0.000008,    0.000006,    0.001107
0.000633,    0.000009,    0.000006,    0.001113
0.000638,    0.000009,    0.000006,    0.001119
0.000642,    0.000009,    0.000006,    0.001125
0.000646,    0.000009,    0.000006,    0.001131
0.000650,    0.000009,    0.000006,    0.001137
0.000654,    0.000009,    0.000006,    0.001143
0.000658,    0.000009,    0.000006,    0.001149
0.000663,    0.000009,    0.000006,    0.001155
0.000667,    0.000009,    0.000006,    0.001161
0.000671,    0.000009,    0.000006,    0.001167
0.000675,    0.000009,    0.000006,    0.001173
0.000679,    0.000009,    0.000006,    0.001179
0.000683,    0.000009,    0.000007,    0.001185
0.000688,    0.000009,    0.000007,    0.001191
0.000692,    0.000009,    0.000007,    0.001197
0.000696,    0.000009,    0.000007,    0.001203
0.000700,    0.000009,    0.000007,    0.001209
0.000704,    0.000010,    0.000007,    0.001215
0.000708,    0.000010,    0.000007,    0.001221
0.000713,    0.000010,    0.000007,    0.001227
0.000717,    0.000010,    0.000007,    0.001233
0.000721,    0.000010,    0.000007,    0.001239
0.000725,    0.000010,    0.000007,    0.001244
0.000729,    0.000010,    0.000007,    0.001250
0.000733,    0.000010,    0.000007,    0.001256
0.000738,    0.000010,    0.000007,    0.001262
0.000742,    0.000010,    0.000007,    0.001268
0.000746,    0.000010,    0.000007,    0.001274
0.000750,    0.000010,    0.000007,    0.001280
0.000754,    0.000010,    0.000007,    0.001286
0.000758,    0.000010,    0.000007,    0.001291
0.000763,    0.000010,    0.000007,    0.001297
0.000767,    0.000011,    0.000007,    0.001303
0.000771,    0.000011,    0.000007,    0.001309
0.000775,    0.000011,    0.000007,    0.001315
0.000779,    0.000011,    0.000007,    0.001320
0.000783,    0.000011,    0.000007,    0.001326
0.000788,    0.000011,    0.000007,    0.001332
0.000792,    0.000011,    0.000008,    0.001338
0.000796,    0.000011,    0.000008,    0.001343
0.000800,    0.000011,    0.000008,    0.001349
0.000804,    0.000011,    0.000008,    0.001355
0.000808,    0.000011,    0.000008,    0.001361
0.000813,    0.000011,    0.000008,    0.001366
0.000817,    0.000011,    0.000008,    0.001372
0.000821,    0.000011,    0.000008,    0.001378
0.000825,    0.000011,    0.000008,    0.001383
0.000829,    0.000011,    0.000008,    0.001389
0.000833,    0.000012,    0.000008,    0.001395
0.000838,    0.000012,    0.000008,    0.001401
0.000842,    0.000012,    0.000008,    0.001406
0.000846,    0.000012,    0.000008,    0.001412
0.000850,    0.000012,    0.000008,    0.001417
0.000854,    0.000012,    0.000008,    0.001423
0.000858,    0.000012,    0.000008,    0.001429
0.000863,    0.000012,    0.000008,    0.001434
0.000867,    0.000012,    0.000008,    0.001440
0.000871,    0.000012,    0.000008,    0.001446
0.000875,    0.000012,    0.000008,    0.001451
0.000879,    0.000012,    0.000008,    0.001457
0.000883,    0.000012,    0.000008,    0.001462
0.000888,    0.000012,    0.000008,    0.001468
0.000892,    0.000013,    0.000008,    0.001474
0.000896,    0.000013,    0.000008,    0.001479
0.000900,    0.000013,    0.000009,    0.001485
0.000904,    0.000013,    0.000009,    0.001490
0.000908,    0.000013,    0.000009,    0.001496
0.000913,    0.000013,    0.000009,    0.001501
0.000917,    0.000013,    0.000009,    0.001507
0.000921,    0.000013,    0.000009,    0.001512
0.000925,    0.000013,    0.000009,    0.001518
0.000929,    0.000013,    0.000009,    0.001523
0.000933,    0.000013,    0.000009,    0.001529
0.000938,    0.000013,    0.000009,    0.001534
0.000942,    0.000013,    0.000009,    0.001540
0.000946,    0.000013,    0.000009,    0.001545
0.000950,    0.000014,    0.000009,    0.001551
0.000954,    0.000014,    0.000009,    0.001556
0.000958,    0.000014,    0.000009,    0.001562
0.000963,    0.000014,    0.000009,    0.001567
0.000967,    0.000014,    0.000009,    0.001573
0.000971,    0.000014,    0.000009,    0.001578
0.000975,    0.000014,    0.000009,    0.001584
0.000979,    0.000014,    0.000009,    0.001589
0.000983,    0.000014,    0.000009,    0.001594
0.000988,    0.000014,    0.000009,    0.001600
0.000992,    0.000014,    0.000009,    0.001605
0.000996,    0.000014,    0.000009,    0.001611
0.001000,    0.000014,    0.000009,    0.001616
0.001004,    0.000014,    0.000009,    0.001622
0.001008,    0.000015,    0.000010,    0.001627
0.001013,    0.000015,    0.000010,    0.001632
0.001017,    0.000015,    0.000010,    0.001638
0.001021,    0.000015,    0.000010,    0.001643
0.001025,    0.000015,    0.000010,    0.001648
0.001029,    0.000015,    0.000010,    0.001654
0.001033,    0.000015,    0.000010,    0.001659
0.001038,    0.000015,    0.000010,    0.001664
0.001042,    0.000015,    0.000010,    0.001670
0.001046,    0.000015,    0.000010,    0.001675
0.001050,    0.000015,    0.000010,    0.001680
0.001054,    0.000015,    0.000010,    0.001686
0.001058,    0.000015,    0.000010,    0.001691
0.001063,    0.000015,    0.000010,    0.001696
0.001067,    0.000016,    0.000010,    0.001702
0.001071,    0.000016,    0.000010,    0.001707
0.001075,    0.000016,    0.000010,    0.001712
0.001079,    0.000016,    0.000010,    0.001717
0.001083,    0.000016,    0.000010,    0.001723
0.001088,    0.000016,    0.000010,    0.001728
0.001092,    0.000016,    0.000010,    0.001733
0.001096,    0.000016,    0.000010,    0.001739
0.001100,    0.000016,    0.000010,    0.001744
0.001104,    0.000016,    0.000010,    0.001749
0.001108,    0.000016,    0.000010,    0.001754
0.001113,    0.000016,    0.000011,    0.001759
0.001117,    0.000016,    0.000011,    0.001765
0.001121,    0.000016,    0.000011,    0.001770
0.001125,    0.000017,    0.000011,    0.001775
0.001129,    0.000017,    0.000011,    0.001780
0.001133,    0.000017,    0.000011,    0.001786
0.001138,    0.000017,    0.000011,    0.001791
0.001142,    0.000017,    0.000011,    0.001796
0.001146,    0.000017,    0.000011,    0.001801
0.001150,    0.000017,    0.000011,    0.001806
0.001154,    0.000017,    0.000011,    0.001811
0.001158,    0.000017,    0.000011,    0.001817
0.001163,    0.000017,    0.000011,    0.001822
0.001167,    0.000017,    0.000011,    0.001827
0.001171,    0.000017,    0.000011,    0.001832
0.001175,    0.000017,    0.000011,    0.001837
0.001179,    0.000018,    0.000011,    0.001842
0.001183,    0.000018,    0.000011,    0.001847
0.001188,    0.000018,    0.000011,    0.001853
0.001192,    0.000018,    0.000011,    0.001858
0.001196,    0.000018,    0.000011,    0.001863
0.001200,    0.000018,    0.000011,    0.001868
0.001204,    0.000018,    0.000011,    0.001873
0.001208,    0.000018,    0.000011,    0.001878
0.001213,    0.000018,    0.000011,    0.001883
0.001217,    0.000018,    0.000011,    0.001888
0.001221,    0.000018,    0.000012,    0.001893
0.001225,    0.000018,    0.000012,    0.001898
0.001229,    0.000018,    0.000012,    0.001903
0.001233,    0.000019,    0.000012,    0.001909
0.001238,    0.000019,    0.000012,    0.001914
0.001242,    0.000019,    0.000012,    0.001919
0.001246,    0.000019,    0.000012,    0.001924
0.001250,    0.000019,    0.000012,    0.001929
0.001254,    0.000019,    0.000012,    0.001934
0.001258,    0.000019,    0.000012,    0.001939
0.001263,    0.000019,    0.000012,    0.001944
0.001267,    0.000019,    0.000012,    0.001949
0.001271,    0.000019,    0.000012,    0.001954
0.001275,    0.000019,    0.000012,    0.001959
0.001279,    0.000019,    0.000012,    0.001964
0.001283,    0.000019,    0.000012,    0.001969
0.001288,    0.000020,    0.000012,    0.001974
0.001292,    0.000020,    0.000012,    0.001979
0.001296,    0.000020,    0.000012,    0.001984
0.001300,    0.000020,    0.000012,    0.001989
0.001304,    0.000020,    0.000012,    0.001994
0.001308,    0.000020,    0.000012,    0.001999
0.001313,    0.000020,    0.000012,    0.002004
0.001317,    0.000020,    0.000012,    0.002009
0.001321,    0.000020,    0.000012,    0.002014
0.001325,    0.000020,    0.000012,    0.002019
0.001329,    0.000020,    0.000013,    0.002023
0.001333,    0.000020,    0.000013,    0.002028
0.001338,    0.000020,    0.000013,    0.002033
0.001342,    0.000021,    0.000013,    0.002038
0.001346,    0.000021,    0.000013,    0.002043
0.001350,    0.000021,    0.000013,    0.002048
0.001354,    0.000021,    0.000013,    0.002053
0.001358,    0.000021,    0.000013,    0.002058
0.001363,    0.000021,    0.000013,    0.002063
0.001367,    0.000021,    0.000013,    0.002068
0.001371,    0.000021,    0.000013,    0.002073
0.001375,    0.000021,    0.000013,    0.002077
0.001379,    0.000021,    0.000013,    0.002082
0.001383,    0.000021,    0.000013,    0.002087
0.001388,    0.000021,    0.000013,    0.002092
0.001392,    0.000021,    0.000013,    0.002097
0.001396,    0.000022,    0.000013,    0.002102
0.001400,    0.000022,    0.000013,    0.002107
0.001404,    0.000022,    0.000013,    0.002111
0.001408,    0.000022,    0.000013,    0.002116
0.001413,    0.000022,    0.000013,    0.002121
0.001417,    0.000022,    0.000013,    0.002126
0.001421,    0.000022,    0.000013,    0.002131
0.001425,    0.000022,    0.000013,    0.002136
0.001429,    0.000022,    0.000013,    0.002140
0.001433,    0.000022,    0.000014,    0.002145
0.001438,    0.000022,    0.000014,    0.002150
0.001442,    0.000022,    0.000014,    0.002155
0.001446,    0.000023,    0.000014,    0.002160
0.001450,    0.000023,    0.000014,    0.002164
0.001454,    0.000023,    0.000014,    0.002169
0.001458,    0.000023,    0.000014,    0.002174
0.001463,    0.000023,    0.000014,    0.002179
0.001467,    0.000023,    0.000014,    0.002184
0.001471,    0.000023,    0.000014,    0.002188
0.001475,    0.000023,    0.000014,    0.002193
0.001479,    0.000023,    0.000014,    0.002198
0.001483,    0.000023,    0.000014,    0.002203
0.001488,    0.000023,    0.000014,    0.002207
0.001492,    0.000023,    0.000014,    0.002212
0.001496,    0.000023,    0.000014,    0.002217
0.001500,    0.000024,    0.000014,    0.002222
0.001504,    0.000024,    0.000014,    0.002226
0.001508,    0.000024,    0.000014,    0.002231
0.001513,    0.000024,    0.000014,    0.002236
0.001517,    0.000024,    0.000014,    0.002241
0.001521,    0.000024,    0.000014,    0.002245
0.001525,    0.000024,    0.000014,    0.002250
0.001529,    0.000024,    0.000014,    0.002255
0.001533,    0.000024,    0.000014,    0.002259
0.001538,    0.000024,    0.000014,    0.002264
0.001542,    0.000024,    0.000015,    0.002269
0.001546,    0.000024,    0.000015,    0.002273
0.001550,    0.000025,    0.000015,    0.002278
0.001554,    0.000025,    0.000015,    0.002283
0.001558,    0.000025,    0.000015,    0.002287
0.001563,    0.000025,    0.000015,    0.002292
0.001567,    0.000025,    0.000015,    0.002297
0.001571,    0.000025,    0.000015,    0.002301
0.001575,    0.000025,    0.000015,    0.002306
0.001579,    0.000025,    0.000015,    0.002311
0.001583,    0.000025,    0.000015,    0.002315
0.001588,    0.000025,    0.000015,    0.002320
0.001592,    0.000025,    0.000015,    0.002325
0.001596,    0.000025,    0.000015,    0.002329
0.001600,    0.000025,    0.000015,    0.002334
0.001604,    0.000026,    0.000015,    0.002338
0.001608,    0.000026,    0.000015,    0.002343
0.001613,    0.000026,    0.000015,    0.002348
0.001617,    0.000026,    0.000015,    0.002352
0.001621,    0.000026,    0.000015,    0.002357
0.001625,    0.000026,    0.000015,    0.002361
0.001629,    0.000026,    0.000015,    0.002366
0.001633,    0.000026,    0.000015,    0.002371
0.001638,    0.000026,    0.000015,    0.002375
0.001642,    0.000026,    0.000015,    0.002380
0.001646,    0.000026,    0.000016,    0.002384
0.001650,    0.000026,    0.000016,    0.002389
0.001654,    0.000027,    0.000016,    0.002394
0.001658,    0.000027,    0.000016,    0.002398
0.001663,    0.000027,    0.000016,    0.002403
0.001667,    0.000027,    0.000016,    0.002407
0.001671,    0.000027,    0.000016,    0.002412
0.001675,    0.000027,    0.000016,    0.002416
0.001679,    0.000027,    0.000016,    0.002421
0.001683,    0.000027,    0.000016,    0.002425
0.001688,    0.000027,    0.000016,    0.002430
0.001692,    0.000027,    0.000016,    0.002434
0.001696,    0.000027,    0.000016,    0.002439
0.001700,    0.000027,    0.000016,    0.002443
0.001704,    0.000027,    0.000016,    0.002448
0.001708,    0.000028,    0.000016,    0.002452
0.001713,    0.000028,    0.000016,    0.002457
0.001717,    0.000028,    0.000016,    0.002461
0.001721,    0.000028,    0.000016,    0.002466
0.001725,    0.000028,    0.000016,    0.002470
0.001729,    0.000028,    0.000016,    0.002475
0.001733,    0.000028,    0.000016,    0.002479
0.001738,    0.000028,    0.000016,    0.002484
0.001742,    0.000028,    0.000016,    0.002488
0.001746,    0.000028,    0.000016,    0.002493
0.001750,    0.000028,    0.000017,    0.002497
0.001754,    0.000028,    0.000017,    0.002502
0.001758,    0.000029,    0.000017,    0.002506
0.001763,    0.000029,    0.000017,    0.002511
0.001767,    0.000029,    0.000017,    0.002515
0.001771,    0.000029,    0.000017,    0.002519
0.001775,    0.000029,    0.000017,    0.002524
0.001779,    0.000029,    0.000017,    0.002528
0.001783,    0.000029,    0.000017,    0.002533
0.001788,    0.000029,    0.000017,    0.002537
0.001792,    0.000029,    0.000017,    0.002542
0.001796,    0.000029,    0.000017,    0.002546
0.001800,    0.000029,    0.000017,    0.002550
0.001804,    0.000029,    0.000017,    0.002555
0.001808,    0.000030,    0.000017,    0.002559
0.001813,    0.000030,    0.000017,    0.002564
0.001817,    0.000030,    0.000017,    0.002568
0.001821,    0.000030,    0.000017,    0.002572
0.001825,    0.000030,    0.000017,    0.002577
0.001829,    0.000030,    0.000017,    0.002581
0.001833,    0.000030,    0.000017,    0.002586
0.001838,    0.000030,    0.000017,    0.002590
0.001842,    0.000030,    0.000017,    0.002594
0.001846,    0.000030,    0.000017,    0.002599
0.001850,    0.000030,    0.000017,    0.002603
0.001854,    0.000030,    0.000018,    0.002607
0.001858,    0.000031,    0.000018,    0.002612
0.001863,    0.000031,    0.000018,    0.002616
0.001867,    0.000031,    0.000018,    0.002620
0.001871,    0.000031,    0.000018,    0.002625
0.001875,    0.000031,    0.000018,    0.002629
0.001879,    0.000031,    0.000018,    0.002634
0.001883,    0.000031,    0.000018,    0.002638
0.001888,    0.000031,    0.000018,    0.002642
0.001892,    0.000031,    0.000018,    0.002646
0.001896,    0.000031,    0.000018,    0.002651
0.001900,    0.000031,    0.000018,    0.002655
0.001904,    0.000031,    0.000018,    0.002659
0.001908,    0.000031,    0.000018,    0.002664
0.001913,    0.000032,    0.000018,    0.002668
0.001917,    0.000032,    0.000018,    0.002672
0.001921,    0.000032,    0.000018,    0.002677
0.001925,    0.000032,    0.000018,    0.002681
0.001929,    0.000032,    0.000018,    0.002685
0.001933,    0.000032,    0.000018,    0.002689
0.001938,    0.000032,    0.000018,    0.002694
0.001942,    0.000032,    0.000018,    0.002698
0.001946,    0.000032,    0.000018,    0.002702
0.001950,    0.000032,    0.000018,    0.002707
0.001954,    0.000032,    0.000018,    0.002711
0.001958,    0.000032,    0.000019,    0.002715
0.001963,    0.000033,    0.000019,    0.002719
0.001967,    0.000033,    0.000019,    0.002724
0.001971,    0.000033,    0.000019,    0.002728
0.001975,    0.000033,    0.000019,    0.002732
0.001979,    0.000033,    0.000019,    0.002736
0.001983,    0.000033,    0.000019,    0.002741
0.001988,    0.000033,    0.000019,    0.002745
0.001992,    0.000033,    0.000019,    0.002749
0.001996,    0.000033,    0.000019,    0.002753
0.002000,    0.000033,    0.000019,    0.002757
0.002004,    0.000033,    0.000019,    0.002762
0.002008,    0.000033,    0.000019,    0.002766
0.002013,    0.000034,    0.000019,    0.002770
0.002017,    0.000034,    0.000019,    0.002774
0.002021,    0.000034,    0.000019,    0.002778
0.002025,    0.000034,    0.000019,    0.002783
0.002029,    0.000034,    0.000019,    0.002787
0.002033,    0.000034,    0.000019,    0.002791
0.002038,    0.000034,    0.000019,    0.002795
0.002042,    0.000034,    0.000019,    0.002799
0.002046,    0.000034,    0.000019,    0.002804
0.002050,    0.000034,    0.000019,    0.002808
0.002054,    0.000034,    0.000019,    0.002812
0.002058,    0.000034,    0.000019,    0.002816
0.002063,    0.000035,    0.000020,    0.002820
0.002067,    0.000035,    0.000020,    0.002824
0.002071,    0.000035,    0.000020,    0.002828
0.002075,    0.000035,    0.000020,    0.002833
0.002079,    0.000035,    0.000020,    0.002837
0.002083,    0.000035,    0.000020,    0.002841
0.002088,    0.000035,    0.000020,    0.002845
0.002092,    0.000035,    0.000020,    0.002849
0.002096,    0.000035,    0.000020,    0.002853
0.002100,    0.000035,    0.000020,    0.002857
0.002104,    0.000035,    0.000020,    0.002862
0.002108,    0.000035,    0.000020,    0.002866
0.002113,    0.000036,    0.000020,    0.002870
0.002117,    0.000036,    0.000020,    0.002874
0.002121,    0.000036,    0.000020,    0.002878
0.002125,    0.000036,    0.000020,    0.002882
0.002129,    0.000036,    0.000020,    0.002886
0.002133,    0.000036,    0.000020,    0.002890
0.002138,    0.000036,    0.000020,    0.002894
0.002142,    0.000036,    0.000020,    0.002898
0.002146,    0.000036,    0.000020,    0.002903
0.002150,    0.000036,    0.000020,    0.002907
0.002154,    0.000036,    0.000020,    0.002911
0.002158,    0.000036,    0.000020,    0.002915
0.002163,    0.000037,    0.000021,    0.002919
0.002167,    0.000037,    0.000021,    0.002923
0.002171,    0.000037,    0.000021,    0.002927
0.002175,    0.000037,    0.000021,    0.002931
0.002179,    0.000037,    0.000021,    0.002935
0.002183,    0.000037,    0.000021,    0.002939
0.002188,    0.000037,    0.000021,    0.002943
0.002192,    0.000037,    0.000021,    0.002947
0.002196,    0.000037,    0.000021,    0.002951
0.002200,    0.000037,    0.000021,    0.002955
0.002204,    0.000037,    0.000021,    0.002959
0.002208,    0.000037,    0.000021,    0.002963
0.002213,    0.000038,    0.000021,    0.002967
0.002217,    0.000038,    0.000021,    0.002971
0.002221,    0.000038,    0.000021,    0.002975
0.002225,    0.000038,    0.000021,    0.002979
0.002229,    0.000038,    0.000021,    0.002983
0.002233,    0.000038,    0.000021,    0.002987
0.002238,    0.000038,    0.000021,    0.002991
0.002242,    0.000038,    0.000021,    0.002995
0.002246,    0.000038,    0.000021,    0.002999
0.002250,    0.000038,    0.000021,    0.003003
0.002254,    0.000038,    0.000021,    0.003007
0.002258,    0.000038,    0.000021,    0.003011
0.002263,    0.000039,    0.000021,    0.003015
0.002267,    0.000039,    0.000022,    0.003019
0.002271,    0.000039,    0.000022,    0.003023
0.002275,    0.000039,    0.000022,    0.003027
0.002279,    0.000039,    0.000022,    0.003031
0.002283,    0.000039,    0.000022,    0.003035
0.002288,    0.000039,    0.000022,    0.003039
0.002292,    0.000039,    0.000022,    0.003043
0.002296,    0.000039,    0.000022,    0.003047
0.002300,    0.000039,    0.000022,    0.003051
0.002304,    0.000039,    0.000022,    0.003055
0.002308,    0.000039,    0.000022,    0.003059
0.002313,    0.000040,    0.000022,    0.003063
0.002317,    0.000040,    0.000022,    0.003067
0.002321,    0.000040,    0.000022,    0.003071
0.002325,    0.000040,    0.000022,    0.003075
0.002329,    0.000040,    0.000022,    0.003078
0.002333,    0.000040,    0.000022,    0.003082
0.002338,    0.000040,    0.000022,    0.003086
0.002342,    0.000040,    0.000022,    0.003090
0.002346,    0.000040,    0.000022,    0.003094
0.002350,    0.000040,    0.000022,    0.003098
0.002354,    0.000040,    0.000022,    0.003102
0.002358,    0.000040,    0.000022,    0.003106
0.002363,    0.000041,    0.000022,    0.003110
0.002367,    0.000041,    0.000023,    0.003114
0.002371,    0.000041,    0.000023,    0.003117
0.002375,    0.000041,    0.000023,    0.003121
0.002379,    0.000041,    0.000023,    0.003125
0.002383,    0.000041,    0.000023,    0.003129
0.002388,    0.000041,    0.000023,    0.003133
0.002392,    0.000041,    0.000023,    0.003137
0.002396,    0.000041,    0.000023,    0.003141
0.002400,    0.000041,    0.000023,    0.003145
0.002404,    0.000041,    0.000023,    0.003148
0.002408,    0.000041,    0.000023,    0.003152
0.002413,    0.000042,    0.000023,    0.003156
0.002417,    0.000042,    0.000023,    0.003160
0.002421,    0.000042,    0.000023,    0.003164
0.002425,    0.000042,    0.000023,    0.003168
0.002429,    0.000042,    0.000023,    0.003172
0.002433,    0.000042,    0.000023,    0.003175
0.002438,    0.000042,    0.000023,    0.003179
0.002442,    0.000042,    0.000023,    0.003183
0.002446,    0.000042,    0.000023,    0.003187
0.002450,    0.000042,    0.000023,    0.003191
0.002454,    0.000042,    0.000023,    0.003194
0.002458,    0.000042,    0.000023,    0.003198
0.002463,    0.000043,    0.000023,    0.003202
0.002467,    0.000043,    0.000024,    0.003206
0.002471,    0.000043,    0.000024,    0.003210
0.002475,    0.000043,    0.000024,    0.003214
0.002479,    0.000043,    0.000024,    0.003217
0.002483,    0.000043,    0.000024,    0.003221
0.002488,    0.000043,    0.000024,    0.003225
0.002492,    0.000043,    0.000024,    0.003229
0.002496,    0.000043,    0.000024,    0.003232
0.002500,    0.000043,    0.000024,    0.003236
0.002504,    0.000043,    0.000024,    0.003240
0.002508,    0.000043,    0.000024,    0.003244
0.002513,    0.000044,    0.000024,    0.003248
0.002517,    0.000044,    0.000024,    0.003251
0.002521,    0.000044,    0.000024,    0.003255
0.002525,    0.000044,    0.000024,    0.003259
0.002529,    0.000044,    0.000024,    0.003263
0.002533,    0.000044,    0.000024,    0.003266
0.002538,    0.000044,    0.000024,    0.003270
0.002542,    0.000044,    0.000024,    0.003274
0.002546,    0.000044,    0.000024,    0.003278
0.002550,    0.000044,    0.000024,    0.003281
0.002554,    0.000044,    0.000024,    0.003285
0.002558,    0.000044,    0.000024,    0.003289
0.002563,    0.000045,    0.000024,    0.003293
0.002567,    0.000045,    0.000025,    0.003296
0.002571,    0.000045,    0.000025,    0.003300
0.002575,    0.000045,    0.000025,    0.003304
0.002579,    0.000045,    0.000025,    0.003307
0.002583,    0.000045,    0.000025,    0.003311
0.002588,    0.000045,    0.000025,    0.003315
0.002592,    0.000045,    0.000025,    0.003319
0.002596,    0.000045,    0.000025,    0.003322
0.002600,    0.000045,    0.000025,    0.003326
0.002604,    0.000045,    0.000025,    0.003330
0.002608,    0.000046,    0.000025,    0.003333
0.002613,    0.000046,    0.000025,    0.003337
0.002617,    0.000046,    0.000025,    0.003341
0.002621,    0.000046,    0.000025,    0.003344
0.002625,    0.000046,    0.000025,    0.003348
0.002629,    0.000046,    0.000025,    0.003352
0.002633,    0.000046,    0.000025,    0.003355
0.002638,    0.000046,    0.000025,    0.003359
0.002642,    0.000046,    0.000025,    0.003363
0.002646,    0.000046,    0.000025,    0.003366
0.002650,    0.000046,    0.000025,    0.003370
0.002654,    0.000046,    0.000025,    0.003374
0.002658,    0.000047,    0.000025,    0.003377
0.002663,    0.000047,    0.000026,    0.003381
0.002667,    0.000047,    0.000026,    0.003385
0.002671,    0.000047,    0.000026,    0.003388
0.002675,    0.000047,    0.000026,    0.003392
0.002679,    0.000047,    0.000026,    0.003396
0.002683,    0.000047,    0.000026,    0.003399
0.002688,    0.000047,    0.000026,    0.003403
0.002692,    0.000047,    0.000026,    0.003406
0.002696,    0.000047,    0.000026,    0.003410
0.002700,    0.000047,    0.000026,    0.003414
0.002704,    0.000047,    0.000026,    0.003417
0.002708,    0.000048,    0.000026,    0.003421
0.002713,    0.000048,    0.000026,    0.003425
0.002717,    0.000048,    0.000026,    0.003428
0.002721,    0.000048,    0.000026,    0.003432
0.002725,    0.000048,    0.000026,    0.003435
0.002729,    0.000048,    0.000026,    0.003439
0.002733,    0.000048,    0.000026,    0.003443
0.002738,    0.000048,    0.000026,    0.003446
0.002742,    0.000048,    0.000026,    0.003450
0.002746,    0.000048,    0.000026,    0.003453
0.002750,    0.000048,    0.000026,    0.003457
0.002754,    0.000048,    0.000026,    0.003460
0.002758,    0.000049,    0.000026,    0.003464
0.002763,    0.000049,    0.000027,    0.003468
0.002767,    0.000049,    0.000027,    0.003471
0.002771,    0.000049,    0.000027,    0.003475
0.002775,    0.000049,    0.000027,    0.003478
0.002779,    0.000049,    0.000027,    0.003482
0.002783,    0.000049,    0.000027,    0.003485
0.002788,    0.000049,    0.000027,    0.003489
0.002792,    0.000049,    0.000027,    0.003493
0.002796,    0.000049,    0.000027,    0.003496
0.002800,    0.000049,    0.000027,    0.003500
0.002804,    0.000049,    0.000027,    0.003503
0.002808,    0.000050,    0.000027,    0.003507
0.002813,    0.000050,    0.000027,    0.003510
0.002817,    0.000050,    0.000027,    0.003514
0.002821,    0.000050,    0.000027,    0.003517
0.002825,    0.000050,    0.000027,    0.003521
0.002829,    0.000050,    0.000027,    0.003524
0.002833,    0.000050,    0.000027,    0.003528
0.002838,    0.000050,    0.000027,    0.003531
0.002842,    0.000050,    0.000027,    0.003535
0.002846,    0.000050,    0.000027,    0.003538
0.002850,    0.000050,    0.000027,    0.003542
0.002854,    0.000051,    0.000027,    0.003545
0.002858,    0.000051,    0.000028,    0.003549
0.002863,    0.000051,    0.000028,    0.003552
0.002867,    0.000051,    0.000028,    0.003556
0.002871,    0.000051,    0.000028,    0.003559
0.002875,    0.000051,    0.000028,    0.003563
0.002879,    0.000051,    0.000028,    0.003566
0.002883,    0.000051,    0.000028,    0.003570
0.002888,    0.000051,    0.000028,    0.003573
0.002892,    0.000051,    0.000028,    0.003577
0.002896,    0.000051,    0.000028,    0.003580
0.002900,    0.000051,    0.000028,    0.003584
0.002904,    0.000052,    0.000028,    0.003587
0.002908,    0.000052,    0.000028,    0.003591
0.002913,    0.000052,    0.000028,    0.003594
0.002917,    0.000052,    0.000028,    0.003598
0.002921,    0.000052,    0.000028,    0.003601
0.002925,    0.000052,    0.000028,    0.003605
0.002929,    0.000052,    0.000028,    0.003608
0.002933,    0.000052,    0.000028,    0.003611
0.002938,    0.000052,    0.000028,    0.003615
0.002942,    0.000052,    0.000028,    0.003618
0.002946,    0.000052,    0.000028,    0.003622
0.002950,    0.000052,    0.000028,    0.003625
0.002954,    0.000053,    0.000029,    0.003629
0.002958,    0.000053,    0.000029,    0.003632
0.002963,    0.000053,    0.000029,    0.003635
0.002967,    0.000053,    0.000029,    0.003639
0.002971,    0.000053,    0.000029,    0.003642
0.002975,    0.000053,    0.000029,    0.003646
0.002979,    0.000053,    0.000029,    0.003649
0.002983,    0.000053,    0.000029,    0.003653
0.002988,    0.000053,    0.000029,    0.003656
0.002992,    0.000053,    0.000029,    0.003659
0.002996,    0.000053,    0.000029,    0.003663
0.003000,    0.000053,    0.000029,    0.003666
0.003004,    0.000054,    0.000029,    0.003670
0.003008,    0.000054,    0.000029,    0.003673
0.003013,    0.000054,    0.000029,    0.003676
0.003017,    0.000054,    0.000029,    0.003680
0.003021,    0.000054,    0.000029,    0.003683
0.003025,    0.000054,    0.000029,    0.003686
0.003029,    0.000054,    0.000029,    0.003690
0.003033,    0.000054,    0.000029,    0.003693
0.003038,    0.000054,    0.000029,    0.003697
0.003042,    0.000054,    0.000029,    0.003700
0.003046,    0.000054,    0.000029,    0.003703
0.003050,    0.000055,    0.000030,    0.003707
0.003054,    0.000055,    0.000030,    0.003710
0.003058,    0.000055,    0.000030,    0.003713
0.003063,    0.000055,    0.000030,    0.003717
0.003067,    0.000055,    0.000030,    0.003720
0.003071,    0.000055,    0.000030,    0.003723
0.003075,    0.000055,    0.000030,    0.003727
0.003079,    0.000055,    0.000030,    0.003730
0.003083,    0.000055,    0.000030,    0.003734
0.003088,    0.000055,    0.000030,    0.003737
0.003092,    0.000055,    0.000030,    0.003740
0.003096,    0.000055,    0.000030,    0.003744
0.003100,    0.000056,    0.000030,    0.003747
0.003104,    0.000056,    0.000030,    0.003750
0.003108,    0.000056,    0.000030,    0.003753
0.003113,    0.000056,    0.000030,    0.003757
0.003117,    0.000056,    0.000030,    0.003760
0.003121,    0.000056,    0.000030,    0.003763
0.003125,    0.000056,    0.000030,    0.003767
0.003129,    0.000056,    0.000030,    0.003770
0.003133,    0.000056,    0.000030,    0.003773
0.003138,    0.000056,    0.000030,    0.003777
0.003142,    0.000056,    0.000030,    0.003780
0.003146,    0.000056,    0.000031,    0.003783
0.003150,    0.000057,    0.000031,    0.003787
0.003154,    0.000057,    0.000031,    0.003790
0.003158,    0.000057,    0.000031,    0.003793
0.003163,    0.000057,    0.000031,    0.003796
0.003167,    0.000057,    0.000031,    0.003800
0.003171,    0.000057,    0.000031,    0.003803
0.003175,    0.000057,    0.000031,    0.003806
0.003179,    0.000057,    0.000031,    0.003810
0.003183,    0.000057,    0.000031,    0.003813
0.003188,    0.000057,    0.000031,    0.003816
0.003192,    0.000057,    0.000031,    0.003819
0.003196,    0.000058,    0.000031,    0.003823
0.003200,    0.000058,    0.000031,    0.003826
0.003204,    0.000058,    0.000031,    0.003829
0.003208,    0.000058,    0.000031,    0.003832
0.003213,    0.000058,    0.000031,    0.003836
0.003217,    0.000058,    0.000031,    0.003839
0.003221,    0.000058,    0.000031,    0.003842
0.003225,    0.000058,    0.000031,    0.003845
0.003229,    0.000058,    0.000031,    0.003849
0.003233,    0.000058,    0.000031,    0.003852
0.003238,    0.000058,    0.000032,    0.003855
0.003242,    0.000058,    0.000032,    0.003858
0.003246,    0.000059,    0.000032,    0.003862
0.003250,    0.000059,    0.000032,    0.003865
0.003254,    0.000059,    0.000032,    0.003868
0.003258,    0.000059,    0.000032,    0.003871
0.003263,    0.000059,    0.000032,    0.003874
0.003267,    0.000059,    0.000032,    0.003878
0.003271,    0.000059,    0.000032,    0.003881
0.003275,    0.000059,    0.000032,    0.003884
0.003279,    0.000059,    0.000032,    0.003887
0.003283,    0.000059,    0.000032,    0.003890
0.003288,    0.000059,    0.000032,    0.003894
0.003292,    0.000060,    0.000032,    0.003897
0.003296,    0.000060,    0.000032,    0.003900
0.003300,    0.000060,    0.000032,    0.003903
0.003304,    0.000060,    0.000032,    0.003906
0.003308,    0.000060,    0.000032,    0.003910
0.003313,    0.000060,    0.000032,    0.003913
0.003317,    0.000060,    0.000032,    0.003916
0.003321,    0.000060,    0.000032,    0.003919
0.003325,    0.000060,    0.000032,    0.003922
0.003329,    0.000060,    0.000033,    0.003926
0.003333,    0.000060,    0.000033,    0.003929
0.003338,    0.000060,    0.000033,    0.003932
0.003342,    0.000061,    0.000033,    0.003935
0.003346,    0.000061,    0.000033,    0.003938
0.003350,    0.000061,    0.000033,    0.003941
0.003354,    0.000061,    0.000033,    0.003945
0.003358,    0.000061,    0.000033,    0.003948
0.003363,    0.000061,    0.000033,    0.003951
0.003367,    0.000061,    0.000033,    0.003954
0.003371,    0.000061,    0.000033,    0.003957
0.003375,    0.000061,    0.000033,    0.003960
0.003379,    0.000061,    0.000033,    0.003963
0.003383,    0.000061,    0.000033,    0.003967
0.003388,    0.000061,    0.000033,    0.003970
0.003392,    0.000062,    0.000033,    0.003973
0.003396,    0.000062,    0.000033,    0.003976
0.003400,    0.000062,    0.000033,    0.003979
0.003404,    0.000062,    0.000033,    0.003982
0.003408,    0.000062,    0.000033,    0.003985
0.003413,    0.000062,    0.000033,    0.003988
0.003417,    0.000062,    0.000033,    0.003992
0.003421,    0.000062,    0.000033,    0.003995
0.003425,    0.000062,    0.000034,    0.003998
0.003429,    0.000062,    0.000034,    0.004001
0.003433,    0.000062,    0.000034,    0.004004
0.003438,    0.000063,    0.000034,    0.004007
0.003442,    0.000063,    0.000034,    0.004010
0.003446,    0.000063,    0.000034,    0.004013
0.003450,    0.000063,    0.000034,    0.004016
0.003454,    0.000063,    0.000034,    0.004020
0.003458,    0.000063,    0.000034,    0.004023
0.003463,    0.000063,    0.000034,    0.004026
0.003467,    0.000063,    0.000034,    0.004029
0.003471,    0.000063,    0.000034,    0.004032
0.003475,    0.000063,    0.000034,    0.004035
0.003479,    0.000063,    0.000034,    0.004038
0.003483,    0.000063,    0.000034,    0.004041
0.003488,    0.000064,    0.000034,    0.004044
0.003492,    0.000064,    0.000034,    0.004047
0.003496,    0.000064,    0.000034,    0.004050
0.003500,    0.000064,    0.000034,    0.004053
0.003504,    0.000064,    0.000034,    0.004056
0.003508,    0.000064,    0.000034,    0.004059
0.003513,    0.000064,    0.000034,    0.004063
0.003517,    0.000064,    0.000035,    0.004066
0.003521,    0.000064,    0.000035,    0.004069
0.003525,    0.000064,    0.000035,    0.004072
0.003529,    0.000064,    0.000035,    0.004075
0.003533,    0.000065,    0.000035,    0.004078
0.003538,    0.000065,    0.000035,    0.004081
0.003542,    0.000065,    0.000035,    0.004084
0.003546,    0.000065,    0.000035,    0.004087
0.003550,    0.000065,    0.000035,    0.004090
0.003554,    0.000065,    0.000035,    0.004093
0.003558,    0.000065,    0.000035,    0.004096
0.003563,    0.000065,    0.000035,    0.004099
0.003567,    0.000065,    0.000035,    0.004102
0.003571,    0.000065,    0.000035,    0.004105
0.003575,    0.000065,    0.000035,    0.004108
0.003579,    0.000065,    0.000035,    0.004111
0.003583,    0.000066,    0.000035,    0.004114
0.003588,    0.000066,    0.000035,    0.004117
0.003592,    0.000066,    0.000035,    0.004120
0.003596,    0.000066,    0.000035,    0.004123
0.003600,    0.000066,    0.000035,    0.004126
0.003604,    0.000066,    0.000036,    0.004129
0.003608,    0.000066,    0.000036,    0.004132
0.003613,    0.000066,    0.000036,    0.004135
0.003617,    0.000066,    0.000036,    0.004138
0.003621,    0.000066,    0.000036,    0.004141
0.003625,    0.000066,    0.000036,    0.004144
0.003629,    0.000067,    0.000036,    0.004147
0.003633,    0.000067,    0.000036,    0.004150
0.003638,    0.000067,    0.000036,    0.004153
0.003642,    0.000067,    0.000036,    0.004156
0.003646,    0.000067,    0.000036,    0.004159
0.003650,    0.000067,    0.000036,    0.004162
0.003654,    0.000067,    0.000036,    0.004165
0.003658,    0.000067,    0.000036,    0.004168
0.003663,    0.000067,    0.000036,    0.004171
0.003667,    0.000067,    0.000036,    0.004174
0.003671,    0.000067,    0.000036,    0.004177
0.003675,    0.000067,    0.000036,    0.004180
0.003679,    0.000068,    0.000036,    0.004183
0.003683,    0.000068,    0.000036,    0.004186
0.003688,    0.000068,    0.000036,    0.004189
0.003692,    0.000068,    0.000036,    0.004192
0.003696,    0.000068,    0.000037,    0.004194
0.003700,    0.000068,    0.000037,    0.004197
0.003704,    0.000068,    0.000037,    0.004200
0.003708,    0.000068,    0.000037,    0.004203
0.003713,    0.000068,    0.000037,    0.004206
0.003717,    0.000068,    0.000037,    0.004209
0.003721,    0.000068,    0.000037,    0.004212
0.003725,    0.000069,    0.000037,    0.004215
0.003729,    0.000069,    0.000037,    0.004218
0.003733,    0.000069,    0.000037,    0.004221
0.003738,    0.000069,    0.000037,    0.004224
0.003742,    0.000069,    0.000037,    0.004227
0.003746,    0.000069,    0.000037,    0.004230
0.003750,    0.000069,    0.000037,    0.004233
0.003754,    0.000069,    0.000037,    0.004235
0.003758,    0.000069,    0.000037,    0.004238
0.003763,    0.000069,    0.000037,    0.004241
0.003767,    0.000069,    0.000037,    0.004244
0.003771,    0.000069,    0.000037,    0.004247
0.003775,    0.000070,    0.000037,    0.004250
0.003779,    0.000070,    0.000037,    0.004253
0.003783,    0.000070,    0.000037,    0.004256
0.003788,    0.000070,    0.000038,    0.004259
0.003792,    0.000070,    0.000038,    0.004262
0.003796,    0.000070,    0.000038,    0.004264
0.003800,    0.000070,    0.000038,    0.004267
0.003804,    0.000070,    0.000038,    0.004270
0.003808,    0.000070,    0.000038,    0.004273
0.003813,    0.000070,    0.000038,    0.004276
0.003817,    0.000070,    0.000038,    0.004279
0.003821,    0.000071,    0.000038,    0.004282
0.003825,    0.000071,    0.000038,    0.004285
0.003829,    0.000071,    0.000038,    0.004287
0.003833,    0.000071,    0.000038,    0.004290
0.003838,    0.000071,    0.000038,    0.004293
0.003842,    0.000071,    0.000038,    0.004296
0.003846,    0.000071,    0.000038,    0.004299
0.003850,    0.000071,    0.000038,    0.004302
0.003854,    0.000071,    0.000038,    0.004305
0.003858,    0.000071,    0.000038,    0.004307
0.003863,    0.000071,    0.000038,    0.004310
0.003867,    0.000071,    0.000038,    0.004313
0.003871,    0.000072,    0.000038,    0.004316
0.003875,    0.000072,    0.000039,    0.004319
0.003879,    0.000072,    0.000039,    0.004322
0.003883,    0.000072,    0.000039,    0.004324
0.003888,    0.000072,    0.000039,    0.004327
0.003892,    0.000072,    0.000039,    0.004330
0.003896,    0.000072,    0.000039,    0.004333
0.003900,    0.000072,    0.000039,    0.004336
0.003904,    0.000072,    0.000039,    0.004339
0.003908,    0.000072,    0.000039,    0.004341
0.003913,    0.000072,    0.000039,    0.004344
0.003917,    0.000073,    0.000039,    0.004347
0.003921,    0.000073,    0.000039,    0.004350
0.003925,    0.000073,    0.000039,    0.004353
0.003929,    0.000073,    0.000039,    0.004356
0.003933,    0.000073,    0.000039,    0.004358
0.003938,    0.000073,    0.000039,    0.004361
0.003942,    0.000073,    0.000039,    0.004364
0.003946,    0.000073,    0.000039,    0.004367
0.003950,    0.000073,    0.000039,    0.004370
0.003954,    0.000073,    0.000039,    0.004372
0.003958,    0.000073,    0.000039,    0.004375
0.003963,    0.000074,    0.000040,    0.004378
0.003967,    0.000074,    0.000040,    0.004381
0.003971,    0.000074,    0.000040,    0.004384
0.003975,    0.000074,    0.000040,    0.004386
0.003979,    0.000074,    0.000040,    0.004389
0.003983,    0.000074,    0.000040,    0.004392
0.003988,    0.000074,    0.000040,    0.004395
0.003992,    0.000074,    0.000040,    0.004397
0.003996,    0.000074,    0.000040,    0.004400
0.004000,    0.000074,    0.000040,    0.004403
0.004004,    0.000074,    0.000040,    0.004406
0.004008,    0.000074,    0.000040,    0.004408
0.004013,    0.000075,    0.000040,    0.004411
0.004017,    0.000075,    0.000040,    0.004414
0.004021,    0.000075,    0.000040,    0.004417
0.004025,    0.000075,    0.000040,    0.004420
0.004029,    0.000075,    0.000040,    0.004422
0.004033,    0.000075,    0.000040,    0.004425
0.004038,    0.000075,    0.000040,    0.004428
0.004042,    0.000075,    0.000040,    0.004431
0.004046,    0.000075,    0.000040,    0.004433
0.004050,    0.000075,    0.000041,    0.004436
0.004054,    0.000075,    0.000041,    0.004439
0.004058,    0.000076,    0.000041,    0.004441
0.004063,    0.000076,    0.000041,    0.004444
0.004067,    0.000076,    0.000041,    0.004447
0.004071,    0.000076,    0.000041,    0.004450
0.004075,    0.000076,    0.000041,    0.004452
0.004079,    0.000076,    0.000041,    0.004455
0.004083,    0.000076,    0.000041,    0.004458
0.004088,    0.000076,    0.000041,    0.004461
0.004092,    0.000076,    0.000041,    0.004463
0.004096,    0.000076,    0.000041,    0.004466
0.004100,    0.000076,    0.000041,    0.004469
0.004104,    0.000076,    0.000041,    0.004471
0.004108,    0.000077,    0.000041,    0.004474
0.004113,    0.000077,    0.000041,    0.004477
0.004117,    0.000077,    0.000041,    0.004480
0.004121,    0.000077,    0.000041,    0.004482
0.004125,    0.000077,    0.000041,    0.004485
0.004129,    0.000077,    0.000041,    0.004488
0.004133,    0.000077,    0.000041,    0.004490
0.004138,    0.000077,    0.000042,    0.004493
0.004142,    0.000077,    0.000042,    0.004496
0.004146,    0.000077,    0.000042,    0.004498
0.004150,    0.000077,    0.000042,    0.004501
0.004154,    0.000078,    0.000042,    0.004504
0.004158,    0.000078,    0.000042,    0.004507
0.004163,    0.000078,    0.000042,    0.004509
0.004167,    0.000078,    0.000042,    0.004512
0.004171,    0.000078,    0.000042,    0.004515
0.004175,    0.000078,    0.000042,    0.004517
0.004179,    0.000078,    0.000042,    0.004520
0.004183,    0.000078,    0.000042,    0.004523
0.004188,    0.000078,    0.000042,    0.004525
0.004192,    0.000078,    0.000042,    0.004528
0.004196,    0.000078,    0.000042,    0.004531
0.004200,    0.000079,    0.000042,    0.004533
0.004204,    0.000079,    0.000042,    0.004536
0.004208,    0.000079,    0.000042,    0.004539
0.004213,    0.000079,    0.000042,    0.004541
0.004217,    0.000079,    0.000042,    0.004544
0.004221,    0.000079,    0.000042,    0.004547
0.004225,    0.000079,    0.000043,    0.004549
0.004229,    0.000079,    0.000043,    0.004552
0.004233,    0.000079,    0.000043,    0.004555
0.004238,    0.000079,    0.000043,    0.004557
0.004242,    0.000079,    0.000043,    0.004560
0.004246,    0.000079,    0.000043,    0.004562
0.004250,    0.000080,    0.000043,    0.004565
0.004254,    0.000080,    0.000043,    0.004568
0.004258,    0.000080,    0.000043,    0.004570
0.004263,    0.000080,    0.000043,    0.004573
0.004267,    0.000080,    0.000043,    0.004576
0.004271,    0.000080,    0.000043,    0.004578
0.004275,    0.000080,    0.000043,    0.004581
0.004279,    0.000080,    0.000043,    0.004583
0.004283,    0.000080,    0.000043,    0.004586
0.004288,    0.000080,    0.000043,    0.004589
0.004292,    0.000080,    0.000043,    0.004591
0.004296,    0.000081,    0.000043,    0.004594
0.004300,    0.000081,    0.000043,    0.004597
0.004304,    0.000081,    0.000043,    0.004599
0.004308,    0.000081,    0.000044,    0.004602
0.004313,    0.000081,    0.000044,    0.004604
0.004317,    0.000081,    0.000044,    0.004607
0.004321,    0.000081,    0.000044,    0.004610
0.004325,    0.000081,    0.000044,    0.004612
0.004329,    0.000081,    0.000044,    0.004615
0.004333,    0.000081,    0.000044,    0.004617
0.004338,    0.000081,    0.000044,    0.004620
0.004342,    0.000082,    0.000044,    0.004623
0.004346,    0.000082,    0.000044,    0.004625
0.004350,    0.000082,    0.000044,    0.004628
0.004354,    0.000082,    0.000044,    0.004630
0.004358,    0.000082,    0.000044,    0.004633
0.004363,    0.000082,    0.000044,    0.004635
0.004367,    0.000082,    0.000044,    0.004638
0.004371,    0.000082,    0.000044,    0.004641
0.004375,    0.000082,    0.000044,    0.004643
0.004379,    0.000082,    0.000044,    0.004646
0.004383,    0.000082,    0.000044,    0.004648
0.004388,    0.000082,    0.000044,    0.004651
0.004392,    0.000083,    0.000044,    0.004653
0.004396,    0.000083,    0.000045,    0.004656
0.004400,    0.000083,    0.000045,    0.004659
0.004404,    0.000083,    0.000045,    0.004661
0.004408,    0.000083,    0.000045,    0.004664
0.004413,    0.000083,    0.000045,    0.004666
0.004417,    0.000083,    0.000045,    0.004669
0.004421,    0.000083,    0.000045,    0.004671
0.004425,    0.000083,    0.000045,    0.004674
0.004429,    0.000083,    0.000045,    0.004676
0.004433,    0.000083,    0.000045,    0.004679
0.004438,    0.000084,    0.000045,    0.004682
0.004442,    0.000084,    0.000045,    0.004684
0.004446,    0.000084,    0.000045,    0.004687
0.004450,    0.000084,    0.000045,    0.004689
0.004454,    0.000084,    0.000045,    0.004692
0.004458,    0.000084,    0.000045,    0.004694
0.004463,    0.000084,    0.000045,    0.004697
0.004467,    0.000084,    0.000045,    0.004699
0.004471,    0.000084,    0.000045,    0.004702
0.004475,    0.000084,    0.000045,    0.004704
0.004479,    0.000084,    0.000046,    0.004707
0.004483,    0.000085,    0.000046,    0.004709
0.004488,    0.000085,    0.000046,    0.004712
0.004492,    0.000085,    0.000046,    0.004714
0.004496,    0.000085,    0.000046,    0.004717
0.004500,    0.000085,    0.000046,    0.004719
0.004504,    0.000085,    0.000046,    0.004722
0.004508,    0.000085,    0.000046,    0.004724
0.004513,    0.000085,    0.000046,    0.004727
0.004517,    0.000085,    0.000046,    0.004729
0.004521,    0.000085,    0.000046,    0.004732
0.004525,    0.000085,    0.000046,    0.004734
0.004529,    0.000086,    0.000046,    0.004737
0.004533,    0.000086,    0.000046,    0.004739
0.004538,    0.000086,    0.000046,    0.004742
0.004542,    0.000086,    0.000046,    0.004744
0.004546,    0.000086,    0.000046,    0.004747
0.004550,    0.000086,    0.000046,    0.004749
0.004554,    0.000086,    0.000046,    0.004752
0.004558,    0.000086,    0.000046,    0.004754
0.004563,    0.000086,    0.000047,    0.004757
0.004567,    0.000086,    0.000047,    0.004759
0.004571,    0.000086,    0.000047,    0.004762
0.004575,    0.000087,    0.000047,    0.004764
0.004579,    0.000087,    0.000047,    0.004767
0.004583,    0.000087,    0.000047,    0.004769
0.004588,    0.000087,    0.000047,    0.004772
0.004592,    0.000087,    0.000047,    0.004774
0.004596,    0.000087,    0.000047,    0.004777
0.004600,    0.000087,    0.000047,    0.004779
0.004604,    0.000087,    0.000047,    0.004782
0.004608,    0.000087,    0.000047,    0.004784
0.004613,    0.000087,    0.000047,    0.004786
0.004617,    0.000087,    0.000047,    0.004789
0.004621,    0.000087,    0.000047,    0.004791
0.004625,    0.000088,    0.000047,    0.004794
0.004629,    0.000088,    0.000047,    0.004796
0.004633,    0.000088,    0.000047,    0.004799
0.004638,    0.000088,    0.000047,    0.004801
0.004642,    0.000088,    0.000047,    0.004804
0.004646,    0.000088,    0.000048,    0.004806
0.004650,    0.000088,    0.000048,    0.004808
0.004654,    0.000088,    0.000048,    0.004811
0.004658,    0.000088,    0.000048,    0.004813
0.004663,    0.000088,    0.000048,    0.004816
0.004667,    0.000088,    0.000048,    0.004818
0.004671,    0.000089,    0.000048,    0.004821
0.004675,    0.000089,    0.000048,    0.004823
0.004679,    0.000089,    0.000048,    0.004826
0.004683,    0.000089,    0.000048,    0.004828
0.004688,    0.000089,    0.000048,    0.004830
0.004692,    0.000089,    0.000048,    0.004833
0.004696,    0.000089,    0.000048,    0.004835
0.004700,    0.000089,    0.000048,    0.004838
0.004704,    0.000089,    0.000048,    0.004840
0.004708,    0.000089,    0.000048,    0.004842
0.004713,    0.000089,    0.000048,    0.004845
0.004717,    0.000090,    0.000048,    0.004847
0.004721,    0.000090,    0.000048,    0.004850
0.004725,    0.000090,    0.000048,    0.004852
0.004729,    0.000090,    0.000049,    0.004854
0.004733,    0.000090,    0.000049,    0.004857
0.004738,    0.000090,    0.000049,    0.004859
0.004742,    0.000090,    0.000049,    0.004862
0.004746,    0.000090,    0.000049,    0.004864
0.004750,    0.000090,    0.000049,    0.004866
0.004754,    0.000090,    0.000049,    0.004869
0.004758,    0.000090,    0.000049,    0.004871
0.004763,    0.000091,    0.000049,    0.004874
0.004767,    0.000091,    0.000049,    0.004876
0.004771,    0.000091,    0.000049,    0.004878
0.004775,    0.000091,    0.000049,    0.004881
0.004779,    0.000091,    0.000049,    0.004883
0.004783,    0.000091,    0.000049,    0.004886
0.004788,    0.000091,    0.000049,    0.004888
0.004792,    0.000091,    0.000049,    0.004890
0.004796,    0.000091,    0.000049,    0.004893
0.004800,    0.000091,    0.000049,    0.004895
0.004804,    0.000091,    0.000049,    0.004897
0.004808,    0.000092,    0.000049,    0.004900
0.004813,    0.000092,    0.000050,    0.004902
0.004817,    0.000092,    0.000050,    0.004905
0.004821,    0.000092,    0.000050,    0.004907
0.004825,    0.000092,    0.000050,    0.004909
0.004829,    0.000092,    0.000050,    0.004912
0.004833,    0.000092,    0.000050,    0.004914
0.004838,    0.000092,    0.000050,    0.004916
0.004842,    0.000092,    0.000050,    0.004919
0.004846,    0.000092,    0.000050,    0.004921
0.004850,    0.000092,    0.000050,    0.004923
0.004854,    0.000093,    0.000050,    0.004926
0.004858,    0.000093,    0.000050,    0.004928
0.004863,    0.000093,    0.000050,    0.004930
0.004867,    0.000093,    0.000050,    0.004933
0.004871,    0.000093,    0.000050,    0.004935
0.004875,    0.000093,    0.000050,    0.004937
0.004879,    0.000093,    0.000050,    0.004940
0.004883,    0.000093,    0.000050,    0.004942
0.004888,    0.000093,    0.000050,    0.004944
0.004892,    0.000093,    0.000050,    0.004947
0.004896,    0.000093,    0.000051,    0.004949
0.004900,    0.000093,    0.000051,    0.004951
0.004904,    0.000094,    0.000051,    0.004954
0.004908,    0.000094,    0.000051,    0.004956
0.004913,    0.000094,    0.000051,    0.004958
0.004917,    0.000094,    0.000051,    0.004961
0.004921,    0.000094,    0.000051,    0.004963
0.004925,    0.000094,    0.000051,    0.004965
0.004929,    0.000094,    0.000051,    0.004968
0.004933,    0.000094,    0.000051,    0.004970
0.004938,    0.000094,    0.000051,    0.004972
0.004942,    0.000094,    0.000051,    0.004975
0.004946,    0.000094,    0.000051,    0.004977
0.004950,    0.000095,    0.000051,    0.004979
0.004954,    0.000095,    0.000051,    0.004981
0.004958,    0.000095,    0.000051,    0.004984
0.004963,    0.000095,    0.000051,    0.004986
0.004967,    0.000095,    0.000051,    0.004988
0.004971,    0.000095,    0.000051,    0.004991
0.004975,    0.000095,    0.000052,    0.004993
0.004979,    0.000095,    0.000052,    0.004995
0.004983,    0.000095,    0.000052,    0.004998
0.004988,    0.000095,    0.000052,    0.005000
0.004992,    0.000095,    0.000052,    0.005002
0.004996,    0.000096,    0.000052,    0.005004
0.005000,    0.000096,    0.000052,    0.005007
0.005004,    0.000096,    0.000052,    0.005009
0.005008,    0.000096,    0.000052,    0.005011
0.005013,    0.000096,    0.000052,    0.005014
0.005017,    0.000096,    0.000052,    0.005016
0.005021,    0.000096,    0.000052,    0.005018
0.005025,    0.000096,    0.000052,    0.005020
0.005029,    0.000096,    0.000052,    0.005023
0.005033,    0.000096,    0.000052,    0.005025
0.005038,    0.000096,    0.000052,    0.005027
0.005042,    0.000097,    0.000052,    0.005029
0.005046,    0.000097,    0.000052,    0.005032
0.005050,    0.000097,    0.000052,    0.005034
0.005054,    0.000097,    0.000052,    0.005036
0.005058,    0.000097,    0.000053,    0.005038
0.005063,    0.000097,    0.000053,    0.005041
0.005067,    0.000097,    0.000053,    0.005043
0.005071,    0.000097,    0.000053,    0.005045
0.005075,    0.000097,    0.000053,    0.005047
0.005079,    0.000097,    0.000053,    0.005050
0.005083,    0.000097,    0.000053,    0.005052
0.005088,    0.000098,    0.000053,    0.005054
0.005092,    0.000098,    0.000053,    0.005056
0.005096,    0.000098,    0.000053,    0.005059
0.005100,    0.000098,    0.000053,    0.005061
0.005104,    0.000098,    0.000053,    0.005063
0.005108,    0.000098,    0.000053,    0.005065
0.005113,    0.000098,    0.000053,    0.005068
0.005117,    0.000098,    0.000053,    0.005070
0.005121,    0.000098,    0.000053,    0.005072
0.005125,    0.000098,    0.000053,    0.005074
0.005129,    0.000098,    0.000053,    0.005077
0.005133,    0.000099,    0.000053,    0.005079
0.005138,    0.000099,    0.000054,    0.005081
0.005142,    0.000099,    0.000054,    0.005083
0.005146,    0.000099,    0.000054,    0.005085
0.005150,    0.000099,    0.000054,    0.005088
0.005154,    0.000099,    0.000054,    0.005090
0.005158,    0.000099,    0.000054,    0.005092
0.005163,    0.000099,    0.000054,    0.005094
0.005167,    0.000099,    0.000054,    0.005097
0.005171,    0.000099,    0.000054,    0.005099
0.005175,    0.000099,    0.000054,    0.005101
0.005179,    0.000100,    0.000054,    0.005103
0.005183,    0.000100,    0.000054,    0.005105
0.005188,    0.000100,    0.000054,    0.005108
0.005192,    0.000100,    0.000054,    0.005110
0.005196,    0.000100,    0.000054,    0.005112
0.005200,    0.000100,    0.000054,    0.005114
0.005204,    0.000100,    0.000054,    0.005116
0.005208,    0.000100,    0.000054,    0.005119
0.005213,    0.000100,    0.000054,    0.005121
0.005217,    0.000100,    0.000055,    0.005123
0.005221,    0.000100,    0.000055,    0.005125
0.005225,    0.000101,    0.000055,    0.005127
0.005229,    0.000101,    0.000055,    0.005130
0.005233,    0.000101,    0.000055,    0.005132
0.005238,    0.000101,    0.000055,    0.005134
0.005242,    0.000101,    0.000055,    0.005136
0.005246,    0.000101,    0.000055,    0.005138
0.005250,    0.000101,    0.000055,    0.005140
0.005254,    0.000101,    0.000055,    0.005143
0.005258,    0.000101,    0.000055,    0.005145
0.005263,    0.000101,    0.000055,    0.005147
0.005267,    0.000101,    0.000055,    0.005149
0.005271,    0.000102,    0.000055,    0.005151
0.005275,    0.000102,    0.000055,    0.005153
0.005279,    0.000102,    0.000055,    0.005156
0.005283,    0.000102,    0.000055,    0.005158
0.005288,    0.000102,    0.000055,    0.005160
0.005292,    0.000102,    0.000055,    0.005162
0.005296,    0.000102,    0.000056,    0.005164
0.005300,    0.000102,    0.000056,    0.005166
0.005304,    0.000102,    0.000056,    0.005169
0.005308,    0.000102,    0.000056,    0.005171
0.005313,    0.000102,    0.000056,    0.005173
0.005317,    0.000103,    0.000056,    0.005175
0.005321,    0.000103,    0.000056,    0.005177
0.005325,    0.000103,    0.000056,    0.005179
0.005329,    0.000103,    0.000056,    0.005181
0.005333,    0.000103,    0.000056,    0.005184
0.005338,    0.000103,    0.000056,    0.005186
0.005342,    0.000103,    0.000056,    0.005188
0.005346,    0.000103,    0.000056,    0.005190
0.005350,    0.000103,    0.000056,    0.005192
0.005354,    0.000103,    0.000056,    0.005194
0.005358,    0.000103,    0.000056,    0.005196
0.005363,    0.000104,    0.000056,    0.005199
0.005367,    0.000104,    0.000056,    0.005201
0.005371,    0.000104,    0.000056,    0.005203
0.005375,    0.000104,    0.000057,    0.005205
0.005379,    0.000104,    0.000057,    0.005207
0.005383,    0.000104,    0.000057,    0.005209
0.005388,    0.000104,    0.000057,    0.005211
0.005392,    0.000104,    0.000057,    0.005213
0.005396,    0.000104,    0.000057,    0.005216
0.005400,    0.000104,    0.000057,    0.005218
0.005404,    0.000104,    0.000057,    0.005220
0.005408,    0.000105,    0.000057,    0.005222
0.005413,    0.000105,    0.000057,    0.005224
0.005417,    0.000105,    0.000057,    0.005226
0.005421,    0.000105,    0.000057,    0.005228
0.005425,    0.000105,    0.000057,    0.005230
0.005429,    0.000105,    0.000057,    0.005233
0.005433,    0.000105,    0.000057,    0.005235
0.005438,    0.000105,    0.000057,    0.005237
0.005442,    0.000105,    0.000057,    0.005239
0.005446,    0.000105,    0.000057,    0.005241
0.005450,    0.000105,    0.000057,    0.005243
0.005454,    0.000106,    0.000058,    0.005245
0.005458,    0.000106,    0.000058,    0.005247
0.005463,    0.000106,    0.000058,    0.005249
0.005467,    0.000106,    0.000058,    0.005251
0.005471,    0.000106,    0.000058,    0.005254
0.005475,    0.000106,    0.000058,    0.005256
0.005479,    0.000106,    0.000058,    0.005258
0.005483,    0.000106,    0.000058,    0.005260
0.005488,    0.000106,    0.000058,    0.005262
0.005492,    0.000106,    0.000058,    0.005264
0.005496,    0.000106,    0.000058,    0.005266
0.005500,    0.000107,    0.000058,    0.005268
0.005504,    0.000107,    0.000058,    0.005270
0.005508,    0.000107,    0.000058,    0.005272
0.005513,    0.000107,    0.000058,    0.005274
0.005517,    0.000107,    0.000058,    0.005276
0.005521,    0.000107,    0.000058,    0.005278
0.005525,    0.000107,    0.000058,    0.005281
0.005529,    0.000107,    0.000058,    0.005283
0.005533,    0.000107,    0.000059,    0.005285
0.005538,    0.000107,    0.000059,    0.005287
0.005542,    0.000107,    0.000059,    0.005289
0.005546,    0.000108,    0.000059,    0.005291
0.005550,    0.000108,    0.000059,    0.005293
0.005554,    0.000108,    0.000059,    0.005295
0.005558,    0.000108,    0.000059,    0.005297
0.005563,    0.000108,    0.000059,    0.005299
0.005567,    0.000108,    0.000059,    0.005301
0.005571,    0.000108,    0.000059,    0.005303
0.005575,    0.000108,    0.000059,    0.005305
0.005579,    0.000108,    0.000059,    0.005307
0.005583,    0.000108,    0.000059,    0.005309
0.005588,    0.000108,    0.000059,    0.005311
0.005592,    0.000109,    0.000059,    0.005313
0.005596,    0.000109,    0.000059,    0.005316
0.005600,    0.000109,    0.000059,    0.005318
0.005604,    0.000109,    0.000059,    0.005320
0.005608,    0.000109,    0.000060,    0.005322
0.005613,    0.000109,    0.000060,    0.005324
0.005617,    0.000109,    0.000060,    0.005326
0.005621,    0.000109,    0.000060,    0.005328
0.005625,    0.000109,    0.000060,    0.005330
0.005629,    0.000109,    0.000060,    0.005332
0.005633,    0.000109,    0.000060,    0.005334
0.005638,    0.000110,    0.000060,    0.005336
0.005642,    0.000110,    0.000060,    0.005338
0.005646,    0.000110,    0.000060,    0.005340
0.005650,    0.000110,    0.000060,    0.005342
0.005654,    0.000110,    0.000060,    0.005344
0.005658,    0.000110,    0.000060,    0.005346
0.005663,    0.000110,    0.000060,    0.005348
0.005667,    0.000110,    0.000060,    0.005350
0.005671,    0.000110,    0.000060,    0.005352
0.005675,    0.000110,    0.000060,    0.005354
0.005679,    0.000111,    0.000060,    0.005356
0.005683,    0.000111,    0.000060,    0.005358
0.005688,    0.000111,    0.000061,    0.005360
0.005692,    0.000111,    0.000061,    0.005362
0.005696,    0.000111,    0.000061,    0.005364
0.005700,    0.000111,    0.000061,    0.005366
0.005704,    0.000111,    0.000061,    0.005368
0.005708,    0.000111,    0.000061,    0.005370
0.005713,    0.000111,    0.000061,    0.005372
0.005717,    0.000111,    0.000061,    0.005374
0.005721,    0.000111,    0.000061,    0.005376
0.005725,    0.000112,    0.000061,    0.005378
0.005729,    0.000112,    0.000061,    0.005380
0.005733,    0.000112,    0.000061,    0.005382
0.005738,    0.000112,    0.000061,    0.005384
0.005742,    0.000112,    0.000061,    0.005386
0.005746,    0.000112,    0.000061,    0.005388
0.005750,    0.000112,    0.000061,    0.005390
0.005754,    0.000112,    0.000061,    0.005392
0.005758,    0.000112,    0.000061,    0.005394
0.005763,    0.000112,    0.000062,    0.005396
0.005767,    0.000112,    0.000062,    0.005398
0.005771,    0.000113,    0.000062,    0.005400
0.005775,    0.000113,    0.000062,    0.005402
0.005779,    0.000113,    0.000062,    0.005404
0.005783,    0.000113,    0.000062,    0.005406
0.005788,    0.000113,    0.000062,    0.005408
0.005792,    0.000113,    0.000062,    0.005410
0.005796,    0.000113,    0.000062,    0.005412
0.005800,    0.000113,    0.000062,    0.005414
0.005804,    0.000113,    0.000062,    0.005416
0.005808,    0.000113,    0.000062,    0.005418
0.005813,    0.000113,    0.000062,    0.005420
0.005817,    0.000114,    0.000062,    0.005422
0.005821,    0.000114,    0.000062,    0.005424
0.005825,    0.000114,    0.000062,    0.005426
0.005829,    0.000114,    0.000062,    0.005428
0.005833,    0.000114,    0.000062,    0.005430
0.005838,    0.000114,    0.000063,    0.005432
0.005842,    0.000114,    0.000063,    0.005433
0.005846,    0.000114,    0.000063,    0.005435
0.005850,    0.000114,    0.000063,    0.005437
0.005854,    0.000114,    0.000063,    0.005439
0.005858,    0.000114,    0.000063,    0.005441
0.005863,    0.000115,    0.000063,    0.005443
0.005867,    0.000115,    0.000063,    0.005445
0.005871,    0.000115,    0.000063,    0.005447
0.005875,    0.000115,    0.000063,    0.005449
0.005879,    0.000115,    0.000063,    0.005451
0.005883,    0.000115,    0.000063,    0.005453
0.005888,    0.000115,    0.000063,    0.005455
0.005892,    0.000115,    0.000063,    0.005457
0.005896,    0.000115,    0.000063,    0.005459
0.005900,    0.000115,    0.000063,    0.005461
0.005904,    0.000115,    0.000063,    0.005463
0.005908,    0.000116,    0.000063,    0.005465
0.005913,    0.000116,    0.000063,    0.005466
0.005917,    0.000116,    0.000064,    0.005468
0.005921,    0.000116,    0.000064,    0.005470
0.005925,    0.000116,    0.000064,    0.005472
0.005929,    0.000116,    0.000064,    0.005474
0.005933,    0.000116,    0.000064,    0.005476
0.005938,    0.000116,    0.000064,    0.005478
0.005942,    0.000116,    0.000064,    0.005480
0.005946,    0.000116,    0.000064,    0.005482
0.005950,    0.000117,    0.000064,    0.005484
0.005954,    0.000117,    0.000064,    0.005486
0.005958,    0.000117,    0.000064,    0.005488
0.005963,    0.000117,    0.000064,    0.005490
0.005967,    0.000117,    0.000064,    0.005491
0.005971,    0.000117,    0.000064,    0.005493
0.005975,    0.000117,    0.000064,    0.005495
0.005979,    0.000117,    0.000064,    0.005497
0.005983,    0.000117,    0.000064,    0.005499
0.005988,    0.000117,    0.000064,    0.005501
0.005992,    0.000117,    0.000065,    0.005503
0.005996,    0.000118,    0.000065,    0.005505
0.006000,    0.000118,    0.000065,    0.005507
0.006004,    0.000118,    0.000065,    0.005509
0.006008,    0.000118,    0.000065,    0.005511
0.006013,    0.000118,    0.000065,    0.005512
0.006017,    0.000118,    0.000065,    0.005514
0.006021,    0.000118,    0.000065,    0.005516
0.006025,    0.000118,    0.000065,    0.005518
0.006029,    0.000118,    0.000065,    0.005520
0.006033,    0.000118,    0.000065,    0.005522
0.006038,    0.000118,    0.000065,    0.005524
0.006042,    0.000119,    0.000065,    0.005526
0.006046,    0.000119,    0.000065,    0.005528
0.006050,    0.000119,    0.000065,    0.005529
0.006054,    0.000119,    0.000065,    0.005531
0.006058,    0.000119,    0.000065,    0.005533
0.006063,    0.000119,    0.000065,    0.005535
0.006067,    0.000119,    0.000066,    0.005537
0.006071,    0.000119,    0.000066,    0.005539
0.006075,    0.000119,    0.000066,    0.005541
0.006079,    0.000119,    0.000066,    0.005543
0.006083,    0.000119,    0.000066,    0.005544
0.006088,    0.000120,    0.000066,    0.005546
0.006092,    0.000120,    0.000066,    0.005548
0.006096,    0.000120,    0.000066,    0.005550
0.006100,    0.000120,    0.000066,    0.005552
0.006104,    0.000120,    0.000066,    0.005554
0.006108,    0.000120,    0.000066,    0.005556
0.006113,    0.000120,    0.000066,    0.005558
0.006117,    0.000120,    0.000066,    0.005559
0.006121,    0.000120,    0.000066,    0.005561
0.006125,    0.000120,    0.000066,    0.005563
0.006129,    0.000121,    0.000066,    0.005565
0.006133,    0.000121,    0.000066,    0.005567
0.006138,    0.000121,    0.000066,    0.005569
0.006142,    0.000121,    0.000067,    0.005571
0.006146,    0.000121,    0.000067,    0.005572
0.006150,    0.000121,    0.000067,    0.005574
0.006154,    0.000121,    0.000067,    0.005576
0.006158,    0.000121,    0.000067,    0.005578
0.006163,    0.000121,    0.000067,    0.005580
0.006167,    0.000121,    0.000067,    0.005582
0.006171,    0.000121,    0.000067,    0.005583
0.006175,    0.000122,    0.000067,    0.005585
0.006179,    0.000122,    0.000067,    0.005587
0.006183,    0.000122,    0.000067,    0.005589
0.006188,    0.000122,    0.000067,    0.005591
0.006192,    0.000122,    0.000067,    0.005593
0.006196,    0.000122,    0.000067,    0.005595
0.006200,    0.000122,    0.000067,    0.005596
0.006204,    0.000122,    0.000067,    0.005598
0.006208,    0.000122,    0.000067,    0.005600
0.006213,    0.000122,    0.000067,    0.005602
0.006217,    0.000122,    0.000068,    0.005604
0.006221,    0.000123,    0.000068,    0.005606
0.006225,    0.000123,    0.000068,    0.005607
0.006229,    0.000123,    0.000068,    0.005609
0.006233,    0.000123,    0.000068,    0.005611
0.006238,    0.000123,    0.000068,    0.005613
0.006242,    0.000123,    0.000068,    0.005615
0.006246,    0.000123,    0.000068,    0.005616
0.006250,    0.000123,    0.000068,    0.005618
0.006254,    0.000123,    0.000068,    0.005620
0.006258,    0.000123,    0.000068,    0.005622
0.006263,    0.000123,    0.000068,    0.005624
0.006267,    0.000124,    0.000068,    0.005626
0.006271,    0.000124,    0.000068,    0.005627
0.006275,    0.000124,    0.000068,    0.005629
0.006279,    0.000124,    0.000068,    0.005631
0.006283,    0.000124,    0.000068,    0.005633
0.006288,    0.000124,    0.000069,    0.005635
0.006292,    0.000124,    0.000069,    0.005636
0.006296,    0.000124,    0.000069,    0.005638
0.006300,    0.000124,    0.000069,    0.005640
0.006304,    0.000124,    0.000069,    0.005642
0.006308,    0.000125,    0.000069,    0.005644
0.006313,    0.000125,    0.000069,    0.005645
0.006317,    0.000125,    0.000069,    0.005647
0.006321,    0.000125,    0.000069,    0.005649
0.006325,    0.000125,    0.000069,    0.005651
0.006329,    0.000125,    0.000069,    0.005653
0.006333,    0.000125,    0.000069,    0.005654
0.006338,    0.000125,    0.000069,    0.005656
0.006342,    0.000125,    0.000069,    0.005658
0.006346,    0.000125,    0.000069,    0.005660
0.006350,    0.000125,    0.000069,    0.005662
0.006354,    0.000126,    0.000069,    0.005663
0.006358,    0.000126,    0.000069,    0.005665
0.006363,    0.000126,    0.000070,    0.005667
0.006367,    0.000126,    0.000070,    0.005669
0.006371,    0.000126,    0.000070,    0.005670
0.006375,    0.000126,    0.000070,    0.005672
0.006379,    0.000126,    0.000070,    0.005674
0.006383,    0.000126,    0.000070,    0.005676
0.006388,    0.000126,    0.000070,    0.005678
0.006392,    0.000126,    0.000070,    0.005679
0.006396,    0.000126,    0.000070,    0.005681
0.006400,    0.000127,    0.000070,    0.005683
0.006404,    0.000127,    0.000070,    0.005685
0.006408,    0.000127,    0.000070,    0.005686
0.006413,    0.000127,    0.000070,    0.005688
0.006417,    0.000127,    0.000070,    0.005690
0.006421,    0.000127,    0.000070,    0.005692
0.006425,    0.000127,    0.000070,    0.005694
0.006429,    0.000127,    0.000070,    0.005695
0.006433,    0.000127,    0.000070,    0.005697
0.006438,    0.000127,    0.000071,    0.005699
0.006442,    0.000128,    0.000071,    0.005701
0.006446,    0.000128,    0.000071,    0.005702
0.006450,    0.000128,    0.000071,    0.005704
0.006454,    0.000128,    0.000071,    0.005706
0.006458,    0.000128,    0.000071,    0.005708
0.006463,    0.000128,    0.000071,    0.005709
0.006467,    0.000128,    0.000071,    0.005711
0.006471,    0.000128,    0.000071,    0.005713
0.006475,    0.000128,    0.000071,    0.005715
0.006479,    0.000128,    0.000071,    0.005716
0.006483,    0.000128,    0.000071,    0.005718
0.006488,    0.000129,    0.000071,    0.005720
0.006492,    0.000129,    0.000071,    0.005722
0.006496,    0.000129,    0.000071,    0.005723
0.006500,    0.000129,    0.000071,    0.005725
0.006504,    0.000129,    0.000071,    0.005727
0.006508,    0.000129,    0.000072,    0.005729
0.006513,    0.000129,    0.000072,    0.005730
0.006517,    0.000129,    0.000072,    0.005732
0.006521,    0.000129,    0.000072,    0.005734
0.006525,    0.000129,    0.000072,    0.005736
0.006529,    0.000129,    0.000072,    0.005737
0.006533,    0.000130,    0.000072,    0.005739
0.006538,    0.000130,    0.000072,    0.005741
0.006542,    0.000130,    0.000072,    0.005742
0.006546,    0.000130,    0.000072,    0.005744
0.006550,    0.000130,    0.000072,    0.005746
0.006554,    0.000130,    0.000072,    0.005748
0.006558,    0.000130,    0.000072,    0.005749
0.006563,    0.000130,    0.000072,    0.005751
0.006567,    0.000130,    0.000072,    0.005753
0.006571,    0.000130,    0.000072,    0.005755
0.006575,    0.000131,    0.000072,    0.005756
0.006579,    0.000131,    0.000072,    0.005758
0.006583,    0.000131,    0.000073,    0.005760
0.006588,    0.000131,    0.000073,    0.005761
0.006592,    0.000131,    0.000073,    0.005763
0.006596,    0.000131,    0.000073,    0.005765
0.006600,    0.000131,    0.000073,    0.005767
0.006604,    0.000131,    0.000073,    0.005768
0.006608,    0.000131,    0.000073,    0.005770
0.006613,    0.000131,    0.000073,    0.005772
0.006617,    0.000131,    0.000073,    0.005773
0.006621,    0.000132,    0.000073,    0.005775
0.006625,    0.000132,    0.000073,    0.005777
0.006629,    0.000132,    0.000073,    0.005779
0.006633,    0.000132,    0.000073,    0.005780
0.006638,    0.000132,    0.000073,    0.005782
0.006642,    0.000132,    0.000073,    0.005784
0.006646,    0.000132,    0.000073,    0.005785
0.006650,    0.000132,    0.000073,    0.005787
0.006654,    0.000132,    0.000074,    0.005789
0.006658,    0.000132,    0.000074,    0.005790
0.006663,    0.000133,    0.000074,    0.005792
0.006667,    0.000133,    0.000074,    0.005794
0.006671,    0.000133,    0.000074,    0.005795
0.006675,    0.000133,    0.000074,    0.005797
0.006679,    0.000133,    0.000074,    0.005799
0.006683,    0.000133,    0.000074,    0.005801
0.006688,    0.000133,    0.000074,    0.005802
0.006692,    0.000133,    0.000074,    0.005804
0.006696,    0.000133,    0.000074,    0.005806
0.006700,    0.000133,    0.000074,    0.005807
0.006704,    0.000133,    0.000074,    0.005809
0.006708,    0.000134,    0.000074,    0.005811
0.006713,    0.000134,    0.000074,    0.005812
0.006717,    0.000134,    0.000074,    0.005814
0.006721,    0.000134,    0.000074,    0.005816
0.006725,    0.000134,    0.000075,    0.005817
0.006729,    0.000134,    0.000075,    0.005819
0.006733,    0.000134,    0.000075,    0.005821
0.006738,    0.000134,    0.000075,    0.005822
0.006742,    0.000134,    0.000075,    0.005824
0.006746,    0.000134,    0.000075,    0.005826
0.006750,    0.000134,    0.000075,    0.005827
0.006754,    0.000135,    0.000075,    0.005829
0.006758,    0.000135,    0.000075,    0.005831
0.006763,    0.000135,    0.000075,    0.005832
0.006767,    0.000135,    0.000075,    0.005834
0.006771,    0.000135,    0.000075,    0.005836
0.006775,    0.000135,    0.000075,    0.005837
0.006779,    0.000135,    0.000075,    0.005839
0.006783,    0.000135,    0.000075,    0.005841
0.006788,    0.000135,    0.000075,    0.005842
0.006792,    0.000135,    0.000075,    0.005844
0.006796,    0.000136,    0.000076,    0.005846
0.006800,    0.000136,    0.000076,    0.005847
0.006804,    0.000136,    0.000076,    0.005849
0.006808,    0.000136,    0.000076,    0.005851
0.006813,    0.000136,    0.000076,    0.005852
0.006817,    0.000136,    0.000076,    0.005854
0.006821,    0.000136,    0.000076,    0.005856
0.006825,    0.000136,    0.000076,    0.005857
0.006829,    0.000136,    0.000076,    0.005859
0.006833,    0.000136,    0.000076,    0.005861
0.006838,    0.000136,    0.000076,    0.005862
0.006842,    0.000137,    0.000076,    0.005864
0.006846,    0.000137,    0.000076,    0.005866
0.006850,    0.000137,    0.000076,    0.005867
0.006854,    0.000137,    0.000076,    0.005869
0.006858,    0.000137,    0.000076,    0.005870
0.006863,    0.000137,    0.000076,    0.005872
0.006867,    0.000137,    0.000077,    0.005874
0.006871,    0.000137,    0.000077,    0.005875
0.006875,    0.000137,    0.000077,    0.005877
0.006879,    0.000137,    0.000077,    0.005879
0.006883,    0.000138,    0.000077,    0.005880
0.006888,    0.000138,    0.000077,    0.005882
0.006892,    0.000138,    0.000077,    0.005884
0.006896,    0.000138,    0.000077,    0.005885
0.006900,    0.000138,    0.000077,    0.005887
0.006904,    0.000138,    0.000077,    0.005888
0.006908,    0.000138,    0.000077,    0.005890
0.006913,    0.000138,    0.000077,    0.005892
0.006917,    0.000138,    0.000077,    0.005893
0.006921,    0.000138,    0.000077,    0.005895
0.006925,    0.000138,    0.000077,    0.005897
0.006929,    0.000139,    0.000077,    0.005898
0.006933,    0.000139,    0.000077,    0.005900
0.006938,    0.000139,    0.000078,    0.005901
0.006942,    0.000139,    0.000078,    0.005903
0.006946,    0.000139,    0.000078,    0.005905
0.006950,    0.000139,    0.000078,    0.005906
0.006954,    0.000139,    0.000078,    0.005908
0.006958,    0.000139,    0.000078,    0.005909
0.006963,    0.000139,    0.000078,    0.005911
0.006967,    0.000139,    0.000078,    0.005913
0.006971,    0.000140,    0.000078,    0.005914
0.006975,    0.000140,    0.000078,    0.005916
0.006979,    0.000140,    0.000078,    0.005917
0.006983,    0.000140,    0.000078,    0.005919
0.006988,    0.000140,    0.000078,    0.005921
0.006992,    0.000140,    0.000078,    0.005922
0.006996,    0.000140,    0.000078,    0.005924
0.007000,    0.000140,    0.000078,    0.005926
0.007004,    0.000140,    0.000078,    0.005927
0.007008,    0.000140,    0.000079,    0.005929
0.007013,    0.000140,    0.000079,    0.005930
0.007017,    0.000141,    0.000079,    0.005932
0.007021,    0.000141,    0.000079,    0.005933
0.007025,    0.000141,    0.000079,    0.005935
0.007029,    0.000141,    0.000079,    0.005937
0.007033,    0.000141,    0.000079,    0.005938
0.007038,    0.000141,    0.000079,    0.005940
0.007042,    0.000141,    0.000079,    0.005941
0.007046,    0.000141,    0.000079,    0.005943
0.007050,    0.000141,    0.000079,    0.005945
0.007054,    0.000141,    0.000079,    0.005946
0.007058,    0.000142,    0.000079,    0.005948
0.007063,    0.000142,    0.000079,    0.005949
0.007067,    0.000142,    0.000079,    0.005951
0.007071,    0.000142,    0.000079,    0.005953
0.007075,    0.000142,    0.000079,    0.005954
0.007079,    0.000142,    0.000080,    0.005956
0.007083,    0.000142,    0.000080,    0.005957
0.007088,    0.000142,    0.000080,    0.005959
0.007092,    0.000142,    0.000080,    0.005960
0.007096,    0.000142,    0.000080,    0.005962
0.007100,    0.000142,    0.000080,    0.005964
0.007104,    0.000143,    0.000080,    0.005965
0.007108,    0.000143,    0.000080,    0.005967
0.007113,    0.000143,    0.000080,    0.005968
0.007117,    0.000143,    0.000080,    0.005970
0.007121,    0.000143,    0.000080,    0.005971
0.007125,    0.000143,    0.000080,    0.005973
0.007129,    0.000143,    0.000080,    0.005975
0.007133,    0.000143,    0.000080,    0.005976
0.007138,    0.000143,    0.000080,    0.005978
0.007142,    0.000143,    0.000080,    0.005979
0.007146,    0.000144,    0.000080,    0.005981
0.007150,    0.000144,    0.000081,    0.005982
0.007154,    0.000144,    0.000081,    0.005984
0.007158,    0.000144,    0.000081,    0.005986
0.007163,    0.000144,    0.000081,    0.005987
0.007167,    0.000144,    0.000081,    0.005989
0.007171,    0.000144,    0.000081,    0.005990
0.007175,    0.000144,    0.000081,    0.005992
0.007179,    0.000144,    0.000081,    0.005993
0.007183,    0.000144,    0.000081,    0.005995
0.007188,    0.000145,    0.000081,    0.005996
0.007192,    0.000145,    0.000081,    0.005998
0.007196,    0.000145,    0.000081,    0.006000
0.007200,    0.000145,    0.000081,    0.006001
0.007204,    0.000145,    0.000081,    0.006003
0.007208,    0.000145,    0.000081,    0.006004
0.007213,    0.000145,    0.000081,    0.006006
0.007217,    0.000145,    0.000081,    0.006007
0.007221,    0.000145,    0.000082,    0.006009
0.007225,    0.000145,    0.000082,    0.006010
0.007229,    0.000145,    0.000082,    0.006012
0.007233,    0.000146,    0.000082,    0.006013
0.007238,    0.000146,    0.000082,    0.006015
0.007242,    0.000146,    0.000082,    0.006017
0.007246,    0.000146,    0.000082,    0.006018
0.007250,    0.000146,    0.000082,    0.006020
0.007254,    0.000146,    0.000082,    0.006021
0.007258,    0.000146,    0.000082,    0.006023
0.007263,    0.000146,    0.000082,    0.006024
0.007267,    0.000146,    0.000082,    0.006026
0.007271,    0.000146,    0.000082,    0.006027
0.007275,    0.000147,    0.000082,    0.006029
0.007279,    0.000147,    0.000082,    0.006030
0.007283,    0.000147,    0.000082,    0.006032
0.007288,    0.000147,    0.000083,    0.006033
0.007292,    0.000147,    0.000083,    0.006035
0.007296,    0.000147,    0.000083,    0.006036
0.007300,    0.000147,    0.000083,    0.006038
0.007304,    0.000147,    0.000083,    0.006039
0.007308,    0.000147,    0.000083,    0.006041
0.007313,    0.000147,    0.000083,    0.006043
0.007317,    0.000147,    0.000083,    0.006044
0.007321,    0.000148,    0.000083,    0.006046
0.007325,    0.000148,    0.000083,    0.006047
0.007329,    0.000148,    0.000083,    0.006049
0.007333,    0.000148,    0.000083,    0.006050
0.007338,    0.000148,    0.000083,    0.006052
0.007342,    0.000148,    0.000083,    0.006053
0.007346,    0.000148,    0.000083,    0.006055
0.007350,    0.000148,    0.000083,    0.006056
0.007354,    0.000148,    0.000083,    0.006058
0.007358,    0.000148,    0.000084,    0.006059
0.007363,    0.000149,    0.000084,    0.006061
0.007367,    0.000149,    0.000084,    0.006062
0.007371,    0.000149,    0.000084,    0.006064
0.007375,    0.000149,    0.000084,    0.006065
0.007379,    0.000149,    0.000084,    0.006067
0.007383,    0.000149,    0.000084,    0.006068
0.007388,    0.000149,    0.000084,    0.006070
0.007392,    0.000149,    0.000084,    0.006071
0.007396,    0.000149,    0.000084,    0.006073
0.007400,    0.000149,    0.000084,    0.006074
0.007404,    0.000149,    0.000084,    0.006076
0.007408,    0.000150,    0.000084,    0.006077
0.007413,    0.000150,    0.000084,    0.006079
0.007417,    0.000150,    0.000084,    0.006080
0.007421,    0.000150,    0.000084,    0.006082
0.007425,    0.000150,    0.000085,    0.006083
0.007429,    0.000150,    0.000085,    0.006085
0.007433,    0.000150,    0.000085,    0.006086
0.007438,    0.000150,    0.000085,    0.006088
0.007442,    0.000150,    0.000085,    0.006089
0.007446,    0.000150,    0.000085,    0.006091
0.007450,    0.000151,    0.000085,    0.006092
0.007454,    0.000151,    0.000085,    0.006094
0.007458,    0.000151,    0.000085,    0.006095
0.007463,    0.000151,    0.000085,    0.006097
0.007467,    0.000151,    0.000085,    0.006098
0.007471,    0.000151,    0.000085,    0.006100
0.007475,    0.000151,    0.000085,    0.006101
0.007479,    0.000151,    0.000085,    0.006103
0.007483,    0.000151,    0.000085,    0.006104
0.007488,    0.000151,    0.000085,    0.006106
0.007492,    0.000152,    0.000085,    0.006107
0.007496,    0.000152,    0.000086,    0.006108
0.007500,    0.000152,    0.000086,    0.006110
0.007504,    0.000152,    0.000086,    0.006111
0.007508,    0.000152,    0.000086,    0.006113
0.007513,    0.000152,    0.000086,    0.006114
0.007517,    0.000152,    0.000086,    0.006116
0.007521,    0.000152,    0.000086,    0.006117
0.007525,    0.000152,    0.000086,    0.006119
0.007529,    0.000152,    0.000086,    0.006120
0.007533,    0.000152,    0.000086,    0.006122
0.007538,    0.000153,    0.000086,    0.006123
0.007542,    0.000153,    0.000086,    0.006125
0.007546,    0.000153,    0.000086,    0.006126
0.007550,    0.000153,    0.000086,    0.006128
0.007554,    0.000153,    0.000086,    0.006129
0.007558,    0.000153,    0.000086,    0.006130
0.007563,    0.000153,    0.000087,    0.006132
0.007567,    0.000153,    0.000087,    0.006133
0.007571,    0.000153,    0.000087,    0.006135
0.007575,    0.000153,    0.000087,    0.006136
0.007579,    0.000154,    0.000087,    0.006138
0.007583,    0.000154,    0.000087,    0.006139
0.007588,    0.000154,    0.000087,    0.006141
0.007592,    0.000154,    0.000087,    0.006142
0.007596,    0.000154,    0.000087,    0.006144
0.007600,    0.000154,    0.000087,    0.006145
0.007604,    0.000154,    0.000087,    0.006147
0.007608,    0.000154,    0.000087,    0.006148
0.007613,    0.000154,    0.000087,    0.006149
0.007617,    0.000154,    0.000087,    0.006151
0.007621,    0.000155,    0.000087,    0.006152
0.007625,    0.000155,    0.000087,    0.006154
0.007629,    0.000155,    0.000087,    0.006155
0.007633,    0.000155,    0.000088,    0.006157
0.007638,    0.000155,    0.000088,    0.006158
0.007642,    0.000155,    0.000088,    0.006160
0.007646,    0.000155,    0.000088,    0.006161
0.007650,    0.000155,    0.000088,    0.006162
0.007654,    0.000155,    0.000088,    0.006164
0.007658,    0.000155,    0.000088,    0.006165
0.007663,    0.000155,    0.000088,    0.006167
0.007667,    0.000156,    0.000088,    0.006168
0.007671,    0.000156,    0.000088,    0.006170
0.007675,    0.000156,    0.000088,    0.006171
0.007679,    0.000156,    0.000088,    0.006172
0.007683,    0.000156,    0.000088,    0.006174
0.007688,    0.000156,    0.000088,    0.006175
0.007692,    0.000156,    0.000088,    0.006177
0.007696,    0.000156,    0.000088,    0.006178
0.007700,    0.000156,    0.000089,    0.006180
0.007704,    0.000156,    0.000089,    0.006181
0.007708,    0.000157,    0.000089,    0.006182
0.007713,    0.000157,    0.000089,    0.006184
0.007717,    0.000157,    0.000089,    0.006185
0.007721,    0.000157,    0.000089,    0.006187
0.007725,    0.000157,    0.000089,    0.006188
0.007729,    0.000157,    0.000089,    0.006190
0.007733,    0.000157,    0.000089,    0.006191
0.007738,    0.000157,    0.000089,    0.006192
0.007742,    0.000157,    0.000089,    0.006194
0.007746,    0.000157,    0.000089,    0.006195
0.007750,    0.000158,    0.000089,    0.006197
0.007754,    0.000158,    0.000089,    0.006198
0.007758,    0.000158,    0.000089,    0.006200
0.007763,    0.000158,    0.000089,    0.006201
0.007767,    0.000158,    0.000090,    0.006202
0.007771,    0.000158,    0.000090,    0.006204
0.007775,    0.000158,    0.000090,    0.006205
0.007779,    0.000158,    0.000090,    0.006207
0.007783,    0.000158,    0.000090,    0.006208
0.007788,    0.000158,    0.000090,    0.006209
0.007792,    0.000159,    0.000090,    0.006211
0.007796,    0.000159,    0.000090,    0.006212
0.007800,    0.000159,    0.000090,    0.006214
0.007804,    0.000159,    0.000090,    0.006215
0.007808,    0.000159,    0.000090,    0.006216
0.007813,    0.000159,    0.000090,    0.006218
0.007817,    0.000159,    0.000090,    0.006219
0.007821,    0.000159,    0.000090,    0.006221
0.007825,    0.000159,    0.000090,    0.006222
0.007829,    0.000159,    0.000090,    0.006223
0.007833,    0.000159,    0.000091,    0.006225
0.007838,    0.000160,    0.000091,    0.006226
0.007842,    0.000160,    0.000091,    0.006228
0.007846,    0.000160,    0.000091,    0.006229
0.007850,    0.000160,    0.000091,    0.006230
0.007854,    0.000160,    0.000091,    0.006232
0.007858,    0.000160,    0.000091,    0.006233
0.007863,    0.000160,    0.000091,    0.006235
0.007867,    0.000160,    0.000091,    0.006236
0.007871,    0.000160,    0.000091,    0.006237
0.007875,    0.000160,    0.000091,    0.006239
0.007879,    0.000161,    0.000091,    0.006240
0.007883,    0.000161,    0.000091,    0.006242
0.007888,    0.000161,    0.000091,    0.006243
0.007892,    0.000161,    0.000091,    0.006244
0.007896,    0.000161,    0.000091,    0.006246
0.007900,    0.000161,    0.000092,    0.006247
0.007904,    0.000161,    0.000092,    0.006249
0.007908,    0.000161,    0.000092,    0.006250
0.007913,    0.000161,    0.000092,    0.006251
0.007917,    0.000161,    0.000092,    0.006253
0.007921,    0.000162,    0.000092,    0.006254
0.007925,    0.000162,    0.000092,    0.006255
0.007929,    0.000162,    0.000092,    0.006257
0.007933,    0.000162,    0.000092,    0.006258
0.007938,    0.000162,    0.000092,    0.006260
0.007942,    0.000162,    0.000092,    0.006261
0.007946,    0.000162,    0.000092,    0.006262
0.007950,    0.000162,    0.000092,    0.006264
0.007954,    0.000162,    0.000092,    0.006265
0.007958,    0.000162,    0.000092,    0.006266
0.007963,    0.000163,    0.000092,    0.006268
0.007967,    0.000163,    0.000093,    0.006269
0.007971,    0.000163,    0.000093,    0.006271
0.007975,    0.000163,    0.000093,    0.006272
0.007979,    0.000163,    0.000093,    0.006273
0.007983,    0.000163,    0.000093,    0.006275
0.007988,    0.000163,    0.000093,    0.006276
0.007992,    0.000163,    0.000093,    0.006277
0.007996,    0.000163,    0.000093,    0.006279
0.008000,    0.000163,    0.000093,    0.006280
0.008004,    0.000163,    0.000093,    0.006281
0.008008,    0.000164,    0.000093,    0.006283
0.008013,    0.000164,    0.000093,    0.006284
0.008017,    0.000164,    0.000093,    0.006286
0.008021,    0.000164,    0.000093,    0.006287
0.008025,    0.000164,    0.000093,    0.006288
0.008029,    0.000164,    0.000093,    0.006290
0.008033,    0.000164,    0.000094,    0.006291
0.008038,    0.000164,    0.000094,    0.006292
0.008042,    0.000164,    0.000094,    0.006294
0.008046,    0.000164,    0.000094,    0.006295
0.008050,    0.000165,    0.000094,    0.006296
0.008054,    0.000165,    0.000094,    0.006298
0.008058,    0.000165,    0.000094,    0.006299
0.008063,    0.000165,    0.000094,    0.006300
0.008067,    0.000165,    0.000094,    0.006302
0.008071,    0.000165,    0.000094,    0.006303
0.008075,    0.000165,    0.000094,    0.006304
0.008079,    0.000165,    0.000094,    0.006306
0.008083,    0.000165,    0.000094,    0.006307
0.008088,    0.000165,    0.000094,    0.006309
0.008092,    0.000166,    0.000094,    0.006310
0.008096,    0.000166,    0.000094,    0.006311
0.008100,    0.000166,    0.000095,    0.006313
0.008104,    0.000166,    0.000095,    0.006314
0.008108,    0.000166,    0.000095,    0.006315
0.008113,    0.000166,    0.000095,    0.006317
0.008117,    0.000166,    0.000095,    0.006318
0.008121,    0.000166,    0.000095,    0.006319
0.008125,    0.000166,    0.000095,    0.006321
0.008129,    0.000166,    0.000095,    0.006322
0.008133,    0.000167,    0.000095,    0.006323
0.008138,    0.000167,    0.000095,    0.006325
0.008142,    0.000167,    0.000095,    0.006326
0.008146,    0.000167,    0.000095,    0.006327
0.008150,    0.000167,    0.000095,    0.006329
0.008154,    0.000167,    0.000095,    0.006330
0.008158,    0.000167,    0.000095,    0.006331
0.008163,    0.000167,    0.000095,    0.006333
0.008167,    0.000167,    0.000096,    0.006334
0.008171,    0.000167,    0.000096,    0.006335
0.008175,    0.000168,    0.000096,    0.006337
0.008179,    0.000168,    0.000096,    0.006338
0.008183,    0.000168,    0.000096,    0.006339
0.008188,    0.000168,    0.000096,    0.006341
0.008192,    0.000168,    0.000096,    0.006342
0.008196,    0.000168,    0.000096,    0.006343
0.008200,    0.000168,    0.000096,    0.006345
0.008204,    0.000168,    0.000096,    0.006346
0.008208,    0.000168,    0.000096,    0.006347
0.008213,    0.000168,    0.000096,    0.006348
0.008217,    0.000168,    0.000096,    0.006350
0.008221,    0.000169,    0.000096,    0.006351
0.008225,    0.000169,    0.000096,    0.006352
0.008229,    0.000169,    0.000096,    0.006354
0.008233,    0.000169,    0.000097,    0.006355
0.008238,    0.000169,    0.000097,    0.006356
0.008242,    0.000169,    0.000097,    0.006358
0.008246,    0.000169,    0.000097,    0.006359
0.008250,    0.000169,    0.000097,    0.006360
0.008254,    0.000169,    0.000097,    0.006362
0.008258,    0.000169,    0.000097,    0.006363
0.008263,    0.000170,    0.000097,    0.006364
0.008267,    0.000170,    0.000097,    0.006366
0.008271,    0.000170,    0.000097,    0.006367
0.008275,    0.000170,    0.000097,    0.006368
0.008279,    0.000170,    0.000097,    0.006369
0.008283,    0.000170,    0.000097,    0.006371
0.008288,    0.000170,    0.000097,    0.006372
0.008292,    0.000170,    0.000097,    0.006373
0.008296,    0.000170,    0.000098,    0.006375
0.008300,    0.000170,    0.000098,    0.006376
0.008304,    0.000171,    0.000098,    0.006377
0.008308,    0.000171,    0.000098,    0.006379
0.008313,    0.000171,    0.000098,    0.006380
0.008317,    0.000171,    0.000098,    0.006381
0.008321,    0.000171,    0.000098,    0.006382
0.008325,    0.000171,    0.000098,    0.006384
0.008329,    0.000171,    0.000098,    0.006385
0.008333,    0.000171,    0.000098,    0.006386
