# Time, systemEnergy
0.000000,  2445.791148
0.000004,  2443.503460
0.000008,  2442.347310
0.000013,  2441.660840
0.000017,  2441.201751
0.000021,  2440.860382
0.000025,  2440.583627
0.000029,  2440.345024
0.000033,  2440.130747
0.000038,  2439.933373
0.000042,  2439.748628
0.000046,  2439.573943
0.000050,  2439.407627
0.000054,  2439.248516
0.000058,  2439.095737
0.000063,  2438.948617
0.000067,  2438.806609
0.000071,  2438.669260
0.000075,  2438.536183
0.000079,  2438.407047
0.000083,  2438.281562
0.000088,  2438.159473
0.000092,  2438.040554
0.000096,  2437.924603
0.000100,  2437.811440
0.000104,  2437.700901
0.000108,  2437.592838
0.000113,  2437.487116
0.000117,  2437.383614
0.000121,  2437.282217
0.000125,  2437.182823
0.000129,  2437.085337
0.000133,  2436.989670
0.000138,  2436.895741
0.000142,  2436.803474
0.000146,  2436.712798
0.000150,  2436.623649
0.000154,  2436.535964
0.000158,  2436.449686
0.000163,  2436.364762
0.000167,  2436.281140
0.000171,  2436.198773
0.000175,  2436.117616
0.000179,  2436.037627
0.000183,  2435.958766
0.000188,  2435.880995
0.000192,  2435.804279
0.000196,  2435.728582
0.000200,  2435.653874
0.000204,  2435.580124
0.000208,  2435.507302
0.000213,  2435.435380
0.000217,  2435.364333
0.000221,  2435.294135
0.000225,  2435.224762
0.000229,  2435.156191
0.000233,  2435.088400
0.000238,  2435.021368
0.000242,  2434.955075
0.000246,  2434.889502
0.000250,  2434.824629
0.000254,  2434.760440
0.000258,  2434.696917
0.000263,  2434.634044
0.000267,  2434.571805
0.000271,  2434.510184
0.000275,  2434.449168
0.000279,  2434.388742
0.000283,  2434.328892
0.000288,  2434.269606
0.000292,  2434.210871
0.000296,  2434.152675
0.000300,  2434.095005
0.000304,  2434.037851
0.000308,  2433.981202
0.000313,  2433.925047
0.000317,  2433.869375
0.000321,  2433.814177
0.000325,  2433.759444
0.000329,  2433.705165
0.000333,  2433.651333
0.000338,  2433.597937
0.000342,  2433.544970
0.000346,  2433.492424
0.000350,  2433.440290
0.000354,  2433.388561
0.000358,  2433.337229
0.000363,  2433.286287
0.000367,  2433.235728
0.000371,  2433.185545
0.000375,  2433.135731
0.000379,  2433.086280
0.000383,  2433.037186
0.000388,  2432.988442
0.000392,  2432.940042
0.000396,  2432.891981
0.000400,  2432.844253
0.000404,  2432.796852
0.000408,  2432.749773
0.000413,  2432.703011
0.000417,  2432.656560
0.000421,  2432.610416
0.000425,  2432.564574
0.000429,  2432.519029
0.000433,  2432.473777
0.000438,  2432.428813
0.000442,  2432.384132
0.000446,  2432.339730
0.000450,  2432.295604
0.000454,  2432.251749
0.000458,  2432.208161
0.000463,  2432.164836
0.000467,  2432.121770
0.000471,  2432.078960
0.000475,  2432.036402
0.000479,  2431.994093
0.000483,  2431.952029
0.000488,  2431.910206
0.000492,  2431.868622
0.000496,  2431.827273
0.000500,  2431.786156
0.000504,  2431.745268
0.000508,  2431.704605
0.000513,  2431.664165
0.000517,  2431.623946
0.000521,  2431.583943
0.000525,  2431.544154
0.000529,  2431.504577
0.000533,  2431.465210
0.000538,  2431.426048
0.000542,  2431.387090
0.000546,  2431.348333
0.000550,  2431.309775
0.000554,  2431.271413
0.000558,  2431.233245
0.000563,  2431.195269
0.000567,  2431.157482
0.000571,  2431.119882
0.000575,  2431.082467
0.000579,  2431.045235
0.000583,  2431.008183
0.000588,  2430.971310
0.000592,  2430.934614
0.000596,  2430.898092
0.000600,  2430.861743
0.000604,  2430.825565
0.000608,  2430.789555
0.000613,  2430.753713
0.000617,  2430.718035
0.000621,  2430.682521
0.000625,  2430.647168
0.000629,  2430.611976
0.000633,  2430.576941
0.000638,  2430.542064
0.000642,  2430.507341
0.000646,  2430.472771
0.000650,  2430.438353
0.000654,  2430.404085
0.000658,  2430.369966
0.000663,  2430.335994
0.000667,  2430.302168
0.000671,  2430.268486
0.000675,  2430.234947
0.000679,  2430.201549
0.000683,  2430.168291
0.000688,  2430.135172
0.000692,  2430.102190
0.000696,  2430.069345
0.000700,  2430.036634
0.000704,  2430.004056
0.000708,  2429.971611
0.000713,  2429.939296
0.000717,  2429.907112
0.000721,  2429.875055
0.000725,  2429.843127
0.000729,  2429.811324
0.000733,  2429.779647
0.000738,  2429.748093
0.000742,  2429.716663
0.000746,  2429.685354
0.000750,  2429.654166
0.000754,  2429.623097
0.000758,  2429.592147
0.000763,  2429.561315
0.000767,  2429.530599
0.000771,  2429.499999
0.000775,  2429.469513
0.000779,  2429.439141
0.000783,  2429.408881
0.000788,  2429.378733
0.000792,  2429.348696
0.000796,  2429.318769
0.000800,  2429.288951
0.000804,  2429.259240
0.000808,  2429.229637
0.000813,  2429.200141
0.000817,  2429.170749
0.000821,  2429.141463
0.000825,  2429.112280
0.000829,  2429.083200
0.000833,  2429.054222
0.000838,  2429.025345
0.000842,  2428.996569
0.000846,  2428.967893
0.000850,  2428.939316
0.000854,  2428.910837
0.000858,  2428.882455
0.000863,  2428.854170
0.000867,  2428.825982
0.000871,  2428.797888
0.000875,  2428.769889
0.000879,  2428.741984
0.000883,  2428.714173
0.000888,  2428.686453
0.000892,  2428.658826
0.000896,  2428.631290
0.000900,  2428.603844
0.000904,  2428.576488
0.000908,  2428.549221
0.000913,  2428.522043
0.000917,  2428.494953
0.000921,  2428.467950
0.000925,  2428.441034
0.000929,  2428.414204
0.000933,  2428.387459
0.000938,  2428.360800
0.000942,  2428.334224
0.000946,  2428.307733
0.000950,  2428.281324
0.000954,  2428.254998
0.000958,  2428.228754
0.000963,  2428.202592
0.000967,  2428.176511
0.000971,  2428.150509
0.000975,  2428.124588
0.000979,  2428.098746
0.000983,  2428.072983
0.000988,  2428.047299
0.000992,  2428.021692
0.000996,  2427.996162
0.001000,  2427.970709
0.001004,  2427.945332
0.001008,  2427.920032
0.001013,  2427.894806
0.001017,  2427.869655
0.001021,  2427.844579
0.001025,  2427.819577
0.001029,  2427.794647
0.001033,  2427.769791
0.001038,  2427.745008
0.001042,  2427.720296
0.001046,  2427.695656
0.001050,  2427.671088
0.001054,  2427.646589
0.001058,  2427.622162
0.001063,  2427.597804
0.001067,  2427.573515
0.001071,  2427.549296
0.001075,  2427.525145
0.001079,  2427.501063
0.001083,  2427.477048
0.001088,  2427.453101
0.001092,  2427.429220
0.001096,  2427.405407
0.001100,  2427.381659
0.001104,  2427.357977
0.001108,  2427.334361
0.001113,  2427.310810
0.001117,  2427.287324
0.001121,  2427.263901
0.001125,  2427.240543
0.001129,  2427.217249
0.001133,  2427.194017
0.001138,  2427.170849
0.001142,  2427.147743
0.001146,  2427.124699
0.001150,  2427.101717
0.001154,  2427.078796
0.001158,  2427.055937
0.001163,  2427.033138
0.001167,  2427.010400
0.001171,  2426.987722
0.001175,  2426.965103
0.001179,  2426.942545
0.001183,  2426.920045
0.001188,  2426.897604
0.001192,  2426.875222
0.001196,  2426.852897
0.001200,  2426.830631
0.001204,  2426.808422
0.001208,  2426.786271
0.001213,  2426.764176
0.001217,  2426.742138
0.001221,  2426.720157
0.001225,  2426.698231
0.001229,  2426.676362
0.001233,  2426.654547
0.001238,  2426.632788
0.001242,  2426.611084
0.001246,  2426.589434
0.001250,  2426.567839
0.001254,  2426.546298
0.001258,  2426.524811
0.001263,  2426.503377
0.001267,  2426.481996
0.001271,  2426.460668
0.001275,  2426.439393
0.001279,  2426.418171
0.001283,  2426.397000
0.001288,  2426.375882
0.001292,  2426.354815
0.001296,  2426.333799
0.001300,  2426.312835
0.001304,  2426.291921
0.001308,  2426.271058
0.001313,  2426.250246
0.001317,  2426.229484
0.001321,  2426.208771
0.001325,  2426.188108
0.001329,  2426.167495
0.001333,  2426.146931
0.001338,  2426.126415
0.001342,  2426.105949
0.001346,  2426.085530
0.001350,  2426.065160
0.001354,  2426.044838
0.001358,  2426.024564
0.001363,  2426.004337
0.001367,  2425.984158
0.001371,  2425.964026
0.001375,  2425.943940
0.001379,  2425.923902
0.001383,  2425.903909
0.001388,  2425.883963
0.001392,  2425.864063
0.001396,  2425.844209
0.001400,  2425.824400
0.001404,  2425.804637
0.001408,  2425.784918
0.001413,  2425.765245
0.001417,  2425.745617
0.001421,  2425.726033
0.001425,  2425.706493
0.001429,  2425.686997
0.001433,  2425.667546
0.001438,  2425.648138
0.001442,  2425.628774
0.001446,  2425.609453
0.001450,  2425.590175
0.001454,  2425.570940
0.001458,  2425.551748
0.001463,  2425.532599
0.001467,  2425.513492
0.001471,  2425.494427
0.001475,  2425.475404
0.001479,  2425.456423
0.001483,  2425.437483
0.001488,  2425.418586
0.001492,  2425.399729
0.001496,  2425.380913
0.001500,  2425.362139
0.001504,  2425.343405
0.001508,  2425.324712
0.001513,  2425.306059
0.001517,  2425.287446
0.001521,  2425.268874
0.001525,  2425.250341
0.001529,  2425.231848
0.001533,  2425.213395
0.001538,  2425.194981
0.001542,  2425.176606
0.001546,  2425.158270
0.001550,  2425.139973
0.001554,  2425.121715
0.001558,  2425.103495
0.001563,  2425.085314
0.001567,  2425.067171
0.001571,  2425.049066
0.001575,  2425.030999
0.001579,  2425.012970
0.001583,  2424.994978
0.001588,  2424.977024
0.001592,  2424.959107
0.001596,  2424.941228
0.001600,  2424.923385
0.001604,  2424.905579
0.001608,  2424.887810
0.001613,  2424.870077
0.001617,  2424.852381
0.001621,  2424.834721
0.001625,  2424.817097
0.001629,  2424.799509
0.001633,  2424.781956
0.001638,  2424.764440
0.001642,  2424.746959
0.001646,  2424.729513
0.001650,  2424.712103
0.001654,  2424.694727
0.001658,  2424.677387
0.001663,  2424.660082
0.001667,  2424.642811
0.001671,  2424.625574
0.001675,  2424.608373
0.001679,  2424.591205
0.001683,  2424.574072
0.001688,  2424.556972
0.001692,  2424.539906
0.001696,  2424.522875
0.001700,  2424.505876
0.001704,  2424.488912
0.001708,  2424.471980
0.001713,  2424.455082
0.001717,  2424.438217
0.001721,  2424.421385
0.001725,  2424.404586
0.001729,  2424.387819
0.001733,  2424.371085
0.001738,  2424.354383
0.001742,  2424.337714
0.001746,  2424.321077
0.001750,  2424.304473
0.001754,  2424.287900
0.001758,  2424.271359
0.001763,  2424.254849
0.001767,  2424.238372
0.001771,  2424.221925
0.001775,  2424.205511
0.001779,  2424.189127
0.001783,  2424.172775
0.001788,  2424.156453
0.001792,  2424.140163
0.001796,  2424.123903
0.001800,  2424.107674
0.001804,  2424.091476
0.001808,  2424.075308
0.001813,  2424.059170
0.001817,  2424.043063
0.001821,  2424.026986
0.001825,  2424.010939
0.001829,  2423.994921
0.001833,  2423.978934
0.001838,  2423.962976
0.001842,  2423.947048
0.001846,  2423.931149
0.001850,  2423.915279
0.001854,  2423.899439
0.001858,  2423.883628
0.001863,  2423.867846
0.001867,  2423.852093
0.001871,  2423.836369
0.001875,  2423.820674
0.001879,  2423.805007
0.001883,  2423.789369
0.001888,  2423.773759
0.001892,  2423.758177
0.001896,  2423.742624
0.001900,  2423.727099
0.001904,  2423.711602
0.001908,  2423.696132
0.001913,  2423.680691
0.001917,  2423.665277
0.001921,  2423.649891
0.001925,  2423.634533
0.001929,  2423.619202
0.001933,  2423.603898
0.001938,  2423.588622
0.001942,  2423.573373
0.001946,  2423.558150
0.001950,  2423.542955
0.001954,  2423.527787
0.001958,  2423.512645
0.001963,  2423.497530
0.001967,  2423.482442
0.001971,  2423.467380
0.001975,  2423.452345
0.001979,  2423.437336
0.001983,  2423.422353
0.001988,  2423.407397
0.001992,  2423.392466
0.001996,  2423.377561
0.002000,  2423.362683
0.002004,  2423.347830
0.002008,  2423.333003
0.002013,  2423.318201
0.002017,  2423.303425
0.002021,  2423.288674
0.002025,  2423.273949
0.002029,  2423.259249
0.002033,  2423.244574
0.002038,  2423.229924
0.002042,  2423.215300
0.002046,  2423.200700
0.002050,  2423.186125
0.002054,  2423.171575
0.002058,  2423.157050
0.002063,  2423.142549
0.002067,  2423.128072
0.002071,  2423.113621
0.002075,  2423.099193
0.002079,  2423.084790
0.002083,  2423.070411
0.002088,  2423.056056
0.002092,  2423.041725
0.002096,  2423.027418
0.002100,  2423.013135
0.002104,  2422.998876
0.002108,  2422.984641
0.002113,  2422.970429
0.002117,  2422.956241
0.002121,  2422.942076
0.002125,  2422.927935
0.002129,  2422.913817
0.002133,  2422.899722
0.002138,  2422.885651
0.002142,  2422.871603
0.002146,  2422.857577
0.002150,  2422.843575
0.002154,  2422.829596
0.002158,  2422.815639
0.002163,  2422.801706
0.002167,  2422.787794
0.002171,  2422.773906
0.002175,  2422.760040
0.002179,  2422.746197
0.002183,  2422.732376
0.002188,  2422.718577
0.002192,  2422.704800
0.002196,  2422.691046
0.002200,  2422.677314
0.002204,  2422.663604
0.002208,  2422.649916
0.002213,  2422.636249
0.002217,  2422.622605
0.002221,  2422.608982
0.002225,  2422.595381
0.002229,  2422.581802
0.002233,  2422.568244
0.002238,  2422.554708
0.002242,  2422.541193
0.002246,  2422.527700
0.002250,  2422.514228
0.002254,  2422.500777
0.002258,  2422.487347
0.002263,  2422.473939
0.002267,  2422.460551
0.002271,  2422.447185
0.002275,  2422.433839
0.002279,  2422.420514
0.002283,  2422.407210
0.002288,  2422.393927
0.002292,  2422.380664
0.002296,  2422.367422
0.002300,  2422.354200
0.002304,  2422.340999
0.002308,  2422.327819
0.002313,  2422.314658
0.002317,  2422.301518
0.002321,  2422.288399
0.002325,  2422.275299
0.002329,  2422.262219
0.002333,  2422.249160
0.002338,  2422.236120
0.002342,  2422.223101
0.002346,  2422.210101
0.002350,  2422.197121
0.002354,  2422.184161
0.002358,  2422.171220
0.002363,  2422.158299
0.002367,  2422.145398
0.002371,  2422.132516
0.002375,  2422.119654
0.002379,  2422.106811
0.002383,  2422.093987
0.002388,  2422.081183
0.002392,  2422.068397
0.002396,  2422.055631
0.002400,  2422.042884
0.002404,  2422.030157
0.002408,  2422.017448
0.002413,  2422.004758
0.002417,  2421.992087
0.002421,  2421.979435
0.002425,  2421.966801
0.002429,  2421.954186
0.002433,  2421.941590
0.002438,  2421.929013
0.002442,  2421.916454
0.002446,  2421.903913
0.002450,  2421.891391
0.002454,  2421.878888
0.002458,  2421.866403
0.002463,  2421.853936
0.002467,  2421.841487
0.002471,  2421.829056
0.002475,  2421.816644
0.002479,  2421.804250
0.002483,  2421.791873
0.002488,  2421.779515
0.002492,  2421.767175
0.002496,  2421.754852
0.002500,  2421.742547
0.002504,  2421.730260
0.002508,  2421.717991
0.002513,  2421.705740
0.002517,  2421.693506
0.002521,  2421.681289
0.002525,  2421.669090
0.002529,  2421.656909
0.002533,  2421.644745
0.002538,  2421.632598
0.002542,  2421.620469
0.002546,  2421.608357
0.002550,  2421.596262
0.002554,  2421.584185
0.002558,  2421.572124
0.002563,  2421.560081
0.002567,  2421.548054
0.002571,  2421.536045
0.002575,  2421.524052
0.002579,  2421.512077
0.002583,  2421.500118
0.002588,  2421.488176
0.002592,  2421.476251
0.002596,  2421.464342
0.002600,  2421.452451
0.002604,  2421.440575
0.002608,  2421.428717
0.002613,  2421.416874
0.002617,  2421.405049
0.002621,  2421.393239
0.002625,  2421.381447
0.002629,  2421.369670
0.002633,  2421.357910
0.002638,  2421.346166
0.002642,  2421.334438
0.002646,  2421.322726
0.002650,  2421.311031
0.002654,  2421.299351
0.002658,  2421.287688
0.002663,  2421.276040
0.002667,  2421.264409
0.002671,  2421.252793
0.002675,  2421.241193
0.002679,  2421.229609
0.002683,  2421.218041
0.002688,  2421.206488
0.002692,  2421.194952
0.002696,  2421.183430
0.002700,  2421.171925
0.002704,  2421.160435
0.002708,  2421.148960
0.002713,  2421.137501
0.002717,  2421.126058
0.002721,  2421.114629
0.002725,  2421.103216
0.002729,  2421.091819
0.002733,  2421.080436
0.002738,  2421.069069
0.002742,  2421.057717
0.002746,  2421.046381
0.002750,  2421.035059
0.002754,  2421.023752
0.002758,  2421.012461
0.002763,  2421.001184
0.002767,  2420.989922
0.002771,  2420.978676
0.002775,  2420.967444
0.002779,  2420.956227
0.002783,  2420.945024
0.002788,  2420.933837
0.002792,  2420.922664
0.002796,  2420.911506
0.002800,  2420.900362
0.002804,  2420.889233
0.002808,  2420.878119
0.002813,  2420.867019
0.002817,  2420.855934
0.002821,  2420.844863
0.002825,  2420.833806
0.002829,  2420.822764
0.002833,  2420.811736
0.002838,  2420.800723
0.002842,  2420.789723
0.002846,  2420.778738
0.002850,  2420.767767
0.002854,  2420.756810
0.002858,  2420.745868
0.002863,  2420.734939
0.002867,  2420.724025
0.002871,  2420.713124
0.002875,  2420.702237
0.002879,  2420.691365
0.002883,  2420.680506
0.002888,  2420.669661
0.002892,  2420.658830
0.002896,  2420.648013
0.002900,  2420.637209
0.002904,  2420.626419
0.002908,  2420.615643
0.002913,  2420.604880
0.002917,  2420.594131
0.002921,  2420.583396
0.002925,  2420.572674
0.002929,  2420.561966
0.002933,  2420.551271
0.002938,  2420.540590
0.002942,  2420.529922
0.002946,  2420.519267
0.002950,  2420.508626
0.002954,  2420.497998
0.002958,  2420.487383
0.002963,  2420.476782
0.002967,  2420.466193
0.002971,  2420.455618
0.002975,  2420.445056
0.002979,  2420.434507
0.002983,  2420.423972
0.002988,  2420.413449
0.002992,  2420.402939
0.002996,  2420.392442
0.003000,  2420.381959
0.003004,  2420.371488
0.003008,  2420.361030
0.003013,  2420.350584
0.003017,  2420.340152
0.003021,  2420.329732
0.003025,  2420.319325
0.003029,  2420.308931
0.003033,  2420.298550
0.003038,  2420.288181
0.003042,  2420.277825
0.003046,  2420.267481
0.003050,  2420.257150
0.003054,  2420.246832
0.003058,  2420.236526
0.003063,  2420.226232
0.003067,  2420.215951
0.003071,  2420.205683
0.003075,  2420.195426
0.003079,  2420.185182
0.003083,  2420.174951
0.003088,  2420.164731
0.003092,  2420.154524
0.003096,  2420.144330
0.003100,  2420.134147
0.003104,  2420.123976
0.003108,  2420.113818
0.003113,  2420.103672
0.003117,  2420.093538
0.003121,  2420.083416
0.003125,  2420.073306
0.003129,  2420.063208
0.003133,  2420.053122
0.003138,  2420.043047
0.003142,  2420.032985
0.003146,  2420.022935
0.003150,  2420.012896
0.003154,  2420.002870
0.003158,  2419.992855
0.003163,  2419.982852
0.003167,  2419.972860
0.003171,  2419.962880
0.003175,  2419.952912
0.003179,  2419.942956
0.003183,  2419.933011
0.003188,  2419.923078
0.003192,  2419.913157
0.003196,  2419.903247
0.003200,  2419.893348
0.003204,  2419.883461
0.003208,  2419.873586
0.003213,  2419.863722
0.003217,  2419.853869
0.003221,  2419.844028
0.003225,  2419.834198
0.003229,  2419.824379
0.003233,  2419.814572
0.003238,  2419.804776
0.003242,  2419.794991
0.003246,  2419.785217
0.003250,  2419.775455
0.003254,  2419.765704
0.003258,  2419.755964
0.003263,  2419.746235
0.003267,  2419.736517
0.003271,  2419.726810
0.003275,  2419.717115
0.003279,  2419.707430
0.003283,  2419.697756
0.003288,  2419.688093
0.003292,  2419.678441
0.003296,  2419.668801
0.003300,  2419.659170
0.003304,  2419.649551
0.003308,  2419.639943
0.003313,  2419.630345
0.003317,  2419.620759
0.003321,  2419.611183
0.003325,  2419.601618
0.003329,  2419.592063
0.003333,  2419.582519
0.003338,  2419.572986
0.003342,  2419.563464
0.003346,  2419.553952
0.003350,  2419.544450
0.003354,  2419.534960
0.003358,  2419.525479
0.003363,  2419.516010
0.003367,  2419.506550
0.003371,  2419.497102
0.003375,  2419.487663
0.003379,  2419.478236
0.003383,  2419.468818
0.003388,  2419.459411
0.003392,  2419.450014
0.003396,  2419.440628
0.003400,  2419.431252
0.003404,  2419.421886
0.003408,  2419.412531
0.003413,  2419.403185
0.003417,  2419.393850
0.003421,  2419.384525
0.003425,  2419.375211
0.003429,  2419.365906
0.003433,  2419.356612
0.003438,  2419.347327
0.003442,  2419.338053
0.003446,  2419.328789
0.003450,  2419.319534
0.003454,  2419.310290
0.003458,  2419.301056
0.003463,  2419.291832
0.003467,  2419.282617
0.003471,  2419.273413
0.003475,  2419.264219
0.003479,  2419.255034
0.003483,  2419.245859
0.003488,  2419.236694
0.003492,  2419.227539
0.003496,  2419.218394
0.003500,  2419.209258
0.003504,  2419.200133
0.003508,  2419.191017
0.003513,  2419.181910
0.003517,  2419.172814
0.003521,  2419.163727
0.003525,  2419.154649
0.003529,  2419.145581
0.003533,  2419.136523
0.003538,  2419.127475
0.003542,  2419.118436
0.003546,  2419.109406
0.003550,  2419.100386
0.003554,  2419.091376
0.003558,  2419.082375
0.003563,  2419.073383
0.003567,  2419.064401
0.003571,  2419.055428
0.003575,  2419.046465
0.003579,  2419.037511
0.003583,  2419.028566
0.003588,  2419.019631
0.003592,  2419.010705
0.003596,  2419.001788
0.003600,  2418.992881
0.003604,  2418.983983
0.003608,  2418.975094
0.003613,  2418.966214
0.003617,  2418.957343
0.003621,  2418.948482
0.003625,  2418.939630
0.003629,  2418.930787
0.003633,  2418.921953
0.003638,  2418.913128
0.003642,  2418.904312
0.003646,  2418.895505
0.003650,  2418.886707
0.003654,  2418.877919
0.003658,  2418.869139
0.003663,  2418.860368
0.003667,  2418.851606
0.003671,  2418.842854
0.003675,  2418.834110
0.003679,  2418.825375
0.003683,  2418.816648
0.003688,  2418.807931
0.003692,  2418.799223
0.003696,  2418.790523
0.003700,  2418.781832
0.003704,  2418.773150
0.003708,  2418.764477
0.003713,  2418.755812
0.003717,  2418.747157
0.003721,  2418.738509
0.003725,  2418.729871
0.003729,  2418.721241
0.003733,  2418.712620
0.003738,  2418.704008
0.003742,  2418.695404
0.003746,  2418.686809
0.003750,  2418.678222
0.003754,  2418.669644
0.003758,  2418.661075
0.003763,  2418.652514
0.003767,  2418.643961
0.003771,  2418.635417
0.003775,  2418.626882
0.003779,  2418.618355
0.003783,  2418.609836
0.003788,  2418.601326
0.003792,  2418.592824
0.003796,  2418.584331
0.003800,  2418.575846
0.003804,  2418.567370
0.003808,  2418.558901
0.003813,  2418.550441
0.003817,  2418.541990
0.003821,  2418.533546
0.003825,  2418.525111
0.003829,  2418.516685
0.003833,  2418.508266
0.003838,  2418.499856
0.003842,  2418.491453
0.003846,  2418.483059
0.003850,  2418.474674
0.003854,  2418.466296
0.003858,  2418.457926
0.003863,  2418.449565
0.003867,  2418.441212
0.003871,  2418.432867
0.003875,  2418.424529
0.003879,  2418.416200
0.003883,  2418.407879
0.003888,  2418.399566
0.003892,  2418.391261
0.003896,  2418.382964
0.003900,  2418.374675
0.003904,  2418.366394
0.003908,  2418.358121
0.003913,  2418.349856
0.003917,  2418.341598
0.003921,  2418.333349
0.003925,  2418.325107
0.003929,  2418.316874
0.003933,  2418.308648
0.003938,  2418.300430
0.003942,  2418.292219
0.003946,  2418.284017
0.003950,  2418.275822
0.003954,  2418.267636
0.003958,  2418.259456
0.003963,  2418.251285
0.003967,  2418.243121
0.003971,  2418.234965
0.003975,  2418.226817
0.003979,  2418.218677
0.003983,  2418.210544
0.003988,  2418.202418
0.003992,  2418.194301
0.003996,  2418.186191
0.004000,  2418.178088
0.004004,  2418.169993
0.004008,  2418.161906
0.004013,  2418.153826
0.004017,  2418.145754
0.004021,  2418.137689
0.004025,  2418.129632
0.004029,  2418.121582
0.004033,  2418.113540
0.004038,  2418.105505
0.004042,  2418.097478
0.004046,  2418.089458
0.004050,  2418.081446
0.004054,  2418.073441
0.004058,  2418.065443
0.004063,  2418.057453
0.004067,  2418.049470
0.004071,  2418.041494
0.004075,  2418.033526
0.004079,  2418.025565
0.004083,  2418.017612
0.004088,  2418.009665
0.004092,  2418.001726
0.004096,  2417.993794
0.004100,  2417.985870
0.004104,  2417.977953
0.004108,  2417.970043
0.004113,  2417.962140
0.004117,  2417.954244
0.004121,  2417.946355
0.004125,  2417.938474
0.004129,  2417.930600
0.004133,  2417.922733
0.004138,  2417.914873
0.004142,  2417.907020
0.004146,  2417.899174
0.004150,  2417.891336
0.004154,  2417.883504
0.004158,  2417.875680
0.004163,  2417.867862
0.004167,  2417.860052
0.004171,  2417.852248
0.004175,  2417.844452
0.004179,  2417.836662
0.004183,  2417.828880
0.004188,  2417.821104
0.004192,  2417.813336
0.004196,  2417.805574
0.004200,  2417.797819
0.004204,  2417.790072
0.004208,  2417.782331
0.004213,  2417.774597
0.004217,  2417.766869
0.004221,  2417.759149
0.004225,  2417.751436
0.004229,  2417.743729
0.004233,  2417.736029
0.004238,  2417.728336
0.004242,  2417.720650
0.004246,  2417.712970
0.004250,  2417.705298
0.004254,  2417.697632
0.004258,  2417.689973
0.004263,  2417.682320
0.004267,  2417.674674
0.004271,  2417.667035
0.004275,  2417.659403
0.004279,  2417.651777
0.004283,  2417.644158
0.004288,  2417.636546
0.004292,  2417.628940
0.004296,  2417.621341
0.004300,  2417.613748
0.004304,  2417.606162
0.004308,  2417.598583
0.004313,  2417.591010
0.004317,  2417.583444
0.004321,  2417.575885
0.004325,  2417.568331
0.004329,  2417.560785
0.004333,  2417.553245
0.004338,  2417.545711
0.004342,  2417.538184
0.004346,  2417.530664
0.004350,  2417.523150
0.004354,  2417.515642
0.004358,  2417.508141
0.004363,  2417.500646
0.004367,  2417.493158
0.004371,  2417.485676
0.004375,  2417.478200
0.004379,  2417.470731
0.004383,  2417.463268
0.004388,  2417.455812
0.004392,  2417.448362
0.004396,  2417.440918
0.004400,  2417.433481
0.004404,  2417.426049
0.004408,  2417.418625
0.004413,  2417.411206
0.004417,  2417.403794
0.004421,  2417.396388
0.004425,  2417.388988
0.004429,  2417.381595
0.004433,  2417.374208
0.004438,  2417.366827
0.004442,  2417.359452
0.004446,  2417.352083
0.004450,  2417.344721
0.004454,  2417.337365
0.004458,  2417.330015
0.004463,  2417.322671
0.004467,  2417.315333
0.004471,  2417.308001
0.004475,  2417.300676
0.004479,  2417.293357
0.004483,  2417.286043
0.004488,  2417.278736
0.004492,  2417.271435
0.004496,  2417.264140
0.004500,  2417.256851
0.004504,  2417.249568
0.004508,  2417.242291
0.004513,  2417.235020
0.004517,  2417.227755
0.004521,  2417.220497
0.004525,  2417.213244
0.004529,  2417.205997
0.004533,  2417.198756
0.004538,  2417.191521
0.004542,  2417.184292
0.004546,  2417.177069
0.004550,  2417.169852
0.004554,  2417.162640
0.004558,  2417.155435
0.004563,  2417.148236
0.004567,  2417.141042
0.004571,  2417.133854
0.004575,  2417.126673
0.004579,  2417.119497
0.004583,  2417.112327
0.004588,  2417.105162
0.004592,  2417.098004
0.004596,  2417.090851
0.004600,  2417.083704
0.004604,  2417.076563
0.004608,  2417.069428
0.004613,  2417.062299
0.004617,  2417.055175
0.004621,  2417.048057
0.004625,  2417.040945
0.004629,  2417.033838
0.004633,  2417.026738
0.004638,  2417.019643
0.004642,  2417.012553
0.004646,  2417.005469
0.004650,  2416.998392
0.004654,  2416.991319
0.004658,  2416.984253
0.004663,  2416.977192
0.004667,  2416.970136
0.004671,  2416.963087
0.004675,  2416.956042
0.004679,  2416.949004
0.004683,  2416.941971
0.004688,  2416.934944
0.004692,  2416.927922
0.004696,  2416.920906
0.004700,  2416.913895
0.004704,  2416.906890
0.004708,  2416.899891
0.004713,  2416.892897
0.004717,  2416.885909
0.004721,  2416.878926
0.004725,  2416.871948
0.004729,  2416.864976
0.004733,  2416.858010
0.004738,  2416.851049
0.004742,  2416.844094
0.004746,  2416.837144
0.004750,  2416.830199
0.004754,  2416.823260
0.004758,  2416.816326
0.004763,  2416.809398
0.004767,  2416.802475
0.004771,  2416.795558
0.004775,  2416.788646
0.004779,  2416.781739
0.004783,  2416.774838
0.004788,  2416.767942
0.004792,  2416.761052
0.004796,  2416.754166
0.004800,  2416.747287
0.004804,  2416.740412
0.004808,  2416.733543
0.004813,  2416.726679
0.004817,  2416.719820
0.004821,  2416.712967
0.004825,  2416.706119
0.004829,  2416.699276
0.004833,  2416.692439
0.004838,  2416.685607
0.004842,  2416.678780
0.004846,  2416.671958
0.004850,  2416.665142
0.004854,  2416.658330
0.004858,  2416.651524
0.004863,  2416.644724
0.004867,  2416.637928
0.004871,  2416.631138
0.004875,  2416.624352
0.004879,  2416.617572
0.004883,  2416.610797
0.004888,  2416.604028
0.004892,  2416.597263
0.004896,  2416.590503
0.004900,  2416.583749
0.004904,  2416.577000
0.004908,  2416.570256
0.004913,  2416.563517
0.004917,  2416.556783
0.004921,  2416.550054
0.004925,  2416.543330
0.004929,  2416.536611
0.004933,  2416.529898
0.004938,  2416.523189
0.004942,  2416.516486
0.004946,  2416.509787
0.004950,  2416.503094
0.004954,  2416.496405
0.004958,  2416.489722
0.004963,  2416.483043
0.004967,  2416.476370
0.004971,  2416.469701
0.004975,  2416.463038
0.004979,  2416.456379
0.004983,  2416.449726
0.004988,  2416.443077
0.004992,  2416.436434
0.004996,  2416.429795
0.005000,  2416.423161
0.005004,  2416.416532
0.005008,  2416.409908
0.005013,  2416.403289
0.005017,  2416.396675
0.005021,  2416.390066
0.005025,  2416.383461
0.005029,  2416.376862
0.005033,  2416.370267
0.005038,  2416.363677
0.005042,  2416.357092
0.005046,  2416.350512
0.005050,  2416.343937
0.005054,  2416.337367
0.005058,  2416.330801
0.005063,  2416.324240
0.005067,  2416.317684
0.005071,  2416.311133
0.005075,  2416.304586
0.005079,  2416.298045
0.005083,  2416.291508
0.005088,  2416.284976
0.005092,  2416.278448
0.005096,  2416.271926
0.005100,  2416.265408
0.005104,  2416.258895
0.005108,  2416.252386
0.005113,  2416.245883
0.005117,  2416.239384
0.005121,  2416.232889
0.005125,  2416.226400
0.005129,  2416.219915
0.005133,  2416.213434
0.005138,  2416.206959
0.005142,  2416.200488
0.005146,  2416.194022
0.005150,  2416.187560
0.005154,  2416.181103
0.005158,  2416.174651
0.005163,  2416.168203
0.005167,  2416.161760
0.005171,  2416.155322
0.005175,  2416.148888
0.005179,  2416.142458
0.005183,  2416.136034
0.005188,  2416.129614
0.005192,  2416.123198
0.005196,  2416.116787
0.005200,  2416.110381
0.005204,  2416.103979
0.005208,  2416.097582
0.005213,  2416.091189
0.005217,  2416.084801
0.005221,  2416.078417
0.005225,  2416.072038
0.005229,  2416.065663
0.005233,  2416.059293
0.005238,  2416.052928
0.005242,  2416.046566
0.005246,  2416.040210
0.005250,  2416.033858
0.005254,  2416.027510
0.005258,  2416.021167
0.005263,  2416.014828
0.005267,  2416.008493
0.005271,  2416.002163
0.005275,  2415.995838
0.005279,  2415.989517
0.005283,  2415.983200
0.005288,  2415.976888
0.005292,  2415.970580
0.005296,  2415.964277
0.005300,  2415.957978
0.005304,  2415.951683
0.005308,  2415.945393
0.005313,  2415.939107
0.005317,  2415.932826
0.005321,  2415.926548
0.005325,  2415.920276
0.005329,  2415.914007
0.005333,  2415.907743
0.005338,  2415.901483
0.005342,  2415.895228
0.005346,  2415.888977
0.005350,  2415.882730
0.005354,  2415.876487
0.005358,  2415.870249
0.005363,  2415.864015
0.005367,  2415.857785
0.005371,  2415.851560
0.005375,  2415.845339
0.005379,  2415.839122
0.005383,  2415.832909
0.005388,  2415.826701
0.005392,  2415.820497
0.005396,  2415.814297
0.005400,  2415.808102
0.005404,  2415.801910
0.005408,  2415.795723
0.005413,  2415.789540
0.005417,  2415.783361
0.005421,  2415.777187
0.005425,  2415.771016
0.005429,  2415.764850
0.005433,  2415.758688
0.005438,  2415.752531
0.005442,  2415.746377
0.005446,  2415.740227
0.005450,  2415.734082
0.005454,  2415.727941
0.005458,  2415.721804
0.005463,  2415.715671
0.005467,  2415.709542
0.005471,  2415.703418
0.005475,  2415.697297
0.005479,  2415.691181
0.005483,  2415.685069
0.005488,  2415.678960
0.005492,  2415.672856
0.005496,  2415.666756
0.005500,  2415.660660
0.005504,  2415.654569
0.005508,  2415.648481
0.005513,  2415.642397
0.005517,  2415.636317
0.005521,  2415.630242
0.005525,  2415.624170
0.005529,  2415.618103
0.005533,  2415.612039
0.005538,  2415.605980
0.005542,  2415.599924
0.005546,  2415.593873
0.005550,  2415.587825
0.005554,  2415.581782
0.005558,  2415.575743
0.005563,  2415.569707
0.005567,  2415.563676
0.005571,  2415.557648
0.005575,  2415.551625
0.005579,  2415.545605
0.005583,  2415.539590
0.005588,  2415.533578
0.005592,  2415.527571
0.005596,  2415.521567
0.005600,  2415.515567
0.005604,  2415.509571
0.005608,  2415.503579
0.005613,  2415.497591
0.005617,  2415.491607
0.005621,  2415.485627
0.005625,  2415.479651
0.005629,  2415.473679
0.005633,  2415.467710
0.005638,  2415.461745
0.005642,  2415.455785
0.005646,  2415.449828
0.005650,  2415.443875
0.005654,  2415.437926
0.005658,  2415.431981
0.005663,  2415.426039
0.005667,  2415.420102
0.005671,  2415.414168
0.005675,  2415.408238
0.005679,  2415.402312
0.005683,  2415.396390
0.005688,  2415.390472
0.005692,  2415.384557
0.005696,  2415.378646
0.005700,  2415.372739
0.005704,  2415.366836
0.005708,  2415.360937
0.005713,  2415.355041
0.005717,  2415.349149
0.005721,  2415.343261
0.005725,  2415.337377
0.005729,  2415.331497
0.005733,  2415.325620
0.005738,  2415.319747
0.005742,  2415.313878
0.005746,  2415.308012
0.005750,  2415.302150
0.005754,  2415.296292
0.005758,  2415.290438
0.005763,  2415.284587
0.005767,  2415.278740
0.005771,  2415.272897
0.005775,  2415.267058
0.005779,  2415.261222
0.005783,  2415.255390
0.005788,  2415.249562
0.005792,  2415.243737
0.005796,  2415.237916
0.005800,  2415.232099
0.005804,  2415.226285
0.005808,  2415.220475
0.005813,  2415.214668
0.005817,  2415.208866
0.005821,  2415.203067
0.005825,  2415.197271
0.005829,  2415.191479
0.005833,  2415.185691
0.005838,  2415.179907
0.005842,  2415.174126
0.005846,  2415.168349
0.005850,  2415.162575
0.005854,  2415.156805
0.005858,  2415.151038
0.005863,  2415.145275
0.005867,  2415.139516
0.005871,  2415.133760
0.005875,  2415.128008
0.005879,  2415.122260
0.005883,  2415.116515
0.005888,  2415.110773
0.005892,  2415.105035
0.005896,  2415.099301
0.005900,  2415.093570
0.005904,  2415.087843
0.005908,  2415.082119
0.005913,  2415.076399
0.005917,  2415.070683
0.005921,  2415.064970
0.005925,  2415.059260
0.005929,  2415.053554
0.005933,  2415.047851
0.005938,  2415.042152
0.005942,  2415.036457
0.005946,  2415.030765
0.005950,  2415.025076
0.005954,  2415.019391
0.005958,  2415.013710
0.005963,  2415.008032
0.005967,  2415.002357
0.005971,  2414.996686
0.005975,  2414.991018
0.005979,  2414.985354
0.005983,  2414.979693
0.005988,  2414.974036
0.005992,  2414.968382
0.005996,  2414.962731
0.006000,  2414.957084
0.006004,  2414.951440
0.006008,  2414.945800
0.006013,  2414.940163
0.006017,  2414.934530
0.006021,  2414.928900
0.006025,  2414.923274
0.006029,  2414.917650
0.006033,  2414.912031
0.006038,  2414.906414
0.006042,  2414.900801
0.006046,  2414.895192
0.006050,  2414.889585
0.006054,  2414.883983
0.006058,  2414.878383
0.006063,  2414.872787
0.006067,  2414.867194
0.006071,  2414.861605
0.006075,  2414.856019
0.006079,  2414.850436
0.006083,  2414.844857
0.006088,  2414.839280
0.006092,  2414.833708
0.006096,  2414.828138
0.006100,  2414.822572
0.006104,  2414.817010
0.006108,  2414.811450
0.006113,  2414.805894
0.006117,  2414.800341
0.006121,  2414.794792
0.006125,  2414.789245
0.006129,  2414.783702
0.006133,  2414.778163
0.006138,  2414.772626
0.006142,  2414.767093
0.006146,  2414.761563
0.006150,  2414.756037
0.006154,  2414.750513
0.006158,  2414.744993
0.006163,  2414.739476
0.006167,  2414.733963
0.006171,  2414.728453
0.006175,  2414.722946
0.006179,  2414.717442
0.006183,  2414.711941
0.006188,  2414.706444
0.006192,  2414.700950
0.006196,  2414.695459
0.006200,  2414.689971
0.006204,  2414.684486
0.006208,  2414.679005
0.006213,  2414.673527
0.006217,  2414.668052
0.006221,  2414.662580
0.006225,  2414.657112
0.006229,  2414.651646
0.006233,  2414.646184
0.006238,  2414.640725
0.006242,  2414.635270
0.006246,  2414.629817
0.006250,  2414.624367
0.006254,  2414.618921
0.006258,  2414.613478
0.006263,  2414.608038
0.006267,  2414.602601
0.006271,  2414.597167
0.006275,  2414.591737
0.006279,  2414.586309
0.006283,  2414.580885
0.006288,  2414.575464
0.006292,  2414.570046
0.006296,  2414.564631
0.006300,  2414.559219
0.006304,  2414.553810
0.006308,  2414.548404
0.006313,  2414.543002
0.006317,  2414.537602
0.006321,  2414.532206
0.006325,  2414.526813
0.006329,  2414.521423
0.006333,  2414.516036
0.006338,  2414.510652
0.006342,  2414.505271
0.006346,  2414.499893
0.006350,  2414.494518
0.006354,  2414.489146
0.006358,  2414.483778
0.006363,  2414.478412
0.006367,  2414.473049
0.006371,  2414.467690
0.006375,  2414.462333
0.006379,  2414.456980
0.006383,  2414.451629
0.006388,  2414.446282
0.006392,  2414.440938
0.006396,  2414.435596
0.006400,  2414.430258
0.006404,  2414.424922
0.006408,  2414.419590
0.006413,  2414.414261
0.006417,  2414.408935
0.006421,  2414.403611
0.006425,  2414.398291
0.006429,  2414.392974
0.006433,  2414.387659
0.006438,  2414.382348
0.006442,  2414.377039
0.006446,  2414.371734
0.006450,  2414.366432
0.006454,  2414.361132
0.006458,  2414.355836
0.006463,  2414.350542
0.006467,  2414.345251
0.006471,  2414.339964
0.006475,  2414.334679
0.006479,  2414.329397
0.006483,  2414.324118
0.006488,  2414.318842
0.006492,  2414.313570
0.006496,  2414.308299
0.006500,  2414.303032
0.006504,  2414.297768
0.006508,  2414.292507
0.006513,  2414.287249
0.006517,  2414.281993
0.006521,  2414.276741
0.006525,  2414.271491
0.006529,  2414.266244
0.006533,  2414.261000
0.006538,  2414.255759
0.006542,  2414.250521
0.006546,  2414.245286
0.006550,  2414.240054
0.006554,  2414.234824
0.006558,  2414.229598
0.006563,  2414.224374
0.006567,  2414.219153
0.006571,  2414.213935
0.006575,  2414.208720
0.006579,  2414.203508
0.006583,  2414.198299
0.006588,  2414.193092
0.006592,  2414.187888
0.006596,  2414.182687
0.006600,  2414.177489
0.006604,  2414.172294
0.006608,  2414.167102
0.006613,  2414.161912
0.006617,  2414.156726
0.006621,  2414.151542
0.006625,  2414.146361
0.006629,  2414.141182
0.006633,  2414.136007
0.006638,  2414.130834
0.006642,  2414.125664
0.006646,  2414.120497
0.006650,  2414.115333
0.006654,  2414.110172
0.006658,  2414.105013
0.006663,  2414.099857
0.006667,  2414.094704
0.006671,  2414.089553
0.006675,  2414.084406
0.006679,  2414.079261
0.006683,  2414.074119
0.006688,  2414.068980
0.006692,  2414.063843
0.006696,  2414.058709
0.006700,  2414.053578
0.006704,  2414.048450
0.006708,  2414.043325
0.006713,  2414.038202
0.006717,  2414.033082
0.006721,  2414.027964
0.006725,  2414.022850
0.006729,  2414.017738
0.006733,  2414.012629
0.006738,  2414.007523
0.006742,  2414.002419
0.006746,  2413.997318
0.006750,  2413.992220
0.006754,  2413.987124
0.006758,  2413.982031
0.006763,  2413.976941
0.006767,  2413.971854
0.006771,  2413.966769
0.006775,  2413.961687
0.006779,  2413.956607
0.006783,  2413.951531
0.006788,  2413.946457
0.006792,  2413.941385
0.006796,  2413.936317
0.006800,  2413.931251
0.006804,  2413.926187
0.006808,  2413.921127
0.006813,  2413.916069
0.006817,  2413.911014
0.006821,  2413.905961
0.006825,  2413.900911
0.006829,  2413.895863
0.006833,  2413.890819
0.006838,  2413.885777
0.006842,  2413.880737
0.006846,  2413.875700
0.006850,  2413.870666
0.006854,  2413.865635
0.006858,  2413.860606
0.006863,  2413.855579
0.006867,  2413.850556
0.006871,  2413.845535
0.006875,  2413.840516
0.006879,  2413.835500
0.006883,  2413.830487
0.006888,  2413.825477
0.006892,  2413.820469
0.006896,  2413.815463
0.006900,  2413.810460
0.006904,  2413.805460
0.006908,  2413.800462
0.006913,  2413.795467
0.006917,  2413.790475
0.006921,  2413.785485
0.006925,  2413.780498
0.006929,  2413.775513
0.006933,  2413.770531
0.006938,  2413.765551
0.006942,  2413.760574
0.006946,  2413.755600
0.006950,  2413.750628
0.006954,  2413.745658
0.006958,  2413.740691
0.006963,  2413.735727
0.006967,  2413.730765
0.006971,  2413.725806
0.006975,  2413.720850
0.006979,  2413.715895
0.006983,  2413.710944
0.006988,  2413.705995
0.006992,  2413.701048
0.006996,  2413.696104
0.007000,  2413.691163
0.007004,  2413.686224
0.007008,  2413.681287
0.007013,  2413.676353
0.007017,  2413.671422
0.007021,  2413.666493
0.007025,  2413.661567
0.007029,  2413.656643
0.007033,  2413.651721
0.007038,  2413.646802
0.007042,  2413.641886
0.007046,  2413.636972
0.007050,  2413.632060
0.007054,  2413.627151
0.007058,  2413.622245
0.007063,  2413.617341
0.007067,  2413.612439
0.007071,  2413.607540
0.007075,  2413.602644
0.007079,  2413.597749
0.007083,  2413.592858
0.007088,  2413.587969
0.007092,  2413.583082
0.007096,  2413.578197
0.007100,  2413.573316
0.007104,  2413.568436
0.007108,  2413.563559
0.007113,  2413.558685
0.007117,  2413.553812
0.007121,  2413.548943
0.007125,  2413.544076
0.007129,  2413.539211
0.007133,  2413.534348
0.007138,  2413.529488
0.007142,  2413.524631
0.007146,  2413.519776
0.007150,  2413.514923
0.007154,  2413.510073
0.007158,  2413.505225
0.007163,  2413.500379
0.007167,  2413.495536
0.007171,  2413.490696
0.007175,  2413.485857
0.007179,  2413.481022
0.007183,  2413.476188
0.007188,  2413.471357
0.007192,  2413.466528
0.007196,  2413.461702
0.007200,  2413.456878
0.007204,  2413.452057
0.007208,  2413.447237
0.007213,  2413.442421
0.007217,  2413.437606
0.007221,  2413.432794
0.007225,  2413.427984
0.007229,  2413.423177
0.007233,  2413.418372
0.007238,  2413.413570
0.007242,  2413.408769
0.007246,  2413.403971
0.007250,  2413.399176
0.007254,  2413.394383
0.007258,  2413.389592
0.007263,  2413.384803
0.007267,  2413.380017
0.007271,  2413.375233
0.007275,  2413.370452
0.007279,  2413.365673
0.007283,  2413.360896
0.007288,  2413.356121
0.007292,  2413.351349
0.007296,  2413.346579
0.007300,  2413.341812
0.007304,  2413.337046
0.007308,  2413.332283
0.007313,  2413.327523
0.007317,  2413.322764
0.007321,  2413.318008
0.007325,  2413.313255
0.007329,  2413.308503
0.007333,  2413.303754
0.007338,  2413.299007
0.007342,  2413.294263
0.007346,  2413.289521
0.007350,  2413.284781
0.007354,  2413.280043
0.007358,  2413.275308
0.007363,  2413.270574
0.007367,  2413.265844
0.007371,  2413.261115
0.007375,  2413.256389
0.007379,  2413.251665
0.007383,  2413.246943
0.007388,  2413.242223
0.007392,  2413.237506
0.007396,  2413.232791
0.007400,  2413.228079
0.007404,  2413.223368
0.007408,  2413.218660
0.007413,  2413.213954
0.007417,  2413.209250
0.007421,  2413.204549
0.007425,  2413.199849
0.007429,  2413.195152
0.007433,  2413.190458
0.007438,  2413.185765
0.007442,  2413.181075
0.007446,  2413.176387
0.007450,  2413.171701
0.007454,  2413.167017
0.007458,  2413.162336
0.007463,  2413.157657
0.007467,  2413.152980
0.007471,  2413.148305
0.007475,  2413.143632
0.007479,  2413.138962
0.007483,  2413.134294
0.007488,  2413.129628
0.007492,  2413.124964
0.007496,  2413.120302
0.007500,  2413.115643
0.007504,  2413.110986
0.007508,  2413.106331
0.007513,  2413.101678
0.007517,  2413.097028
0.007521,  2413.092379
0.007525,  2413.087733
0.007529,  2413.083089
0.007533,  2413.078447
0.007538,  2413.073807
0.007542,  2413.069170
0.007546,  2413.064534
0.007550,  2413.059901
0.007554,  2413.055270
0.007558,  2413.050641
0.007563,  2413.046015
0.007567,  2413.041390
0.007571,  2413.036768
0.007575,  2413.032147
0.007579,  2413.027529
0.007583,  2413.022913
0.007588,  2413.018299
0.007592,  2413.013688
0.007596,  2413.009078
0.007600,  2413.004471
0.007604,  2412.999866
0.007608,  2412.995262
0.007613,  2412.990662
0.007617,  2412.986063
0.007621,  2412.981466
0.007625,  2412.976871
0.007629,  2412.972279
0.007633,  2412.967688
0.007638,  2412.963100
0.007642,  2412.958514
0.007646,  2412.953930
0.007650,  2412.949348
0.007654,  2412.944768
0.007658,  2412.940191
0.007663,  2412.935615
0.007667,  2412.931041
0.007671,  2412.926470
0.007675,  2412.921901
0.007679,  2412.917334
0.007683,  2412.912768
0.007688,  2412.908205
0.007692,  2412.903644
0.007696,  2412.899086
0.007700,  2412.894529
0.007704,  2412.889974
0.007708,  2412.885422
0.007713,  2412.880871
0.007717,  2412.876323
0.007721,  2412.871776
0.007725,  2412.867232
0.007729,  2412.862690
0.007733,  2412.858149
0.007738,  2412.853611
0.007742,  2412.849075
0.007746,  2412.844541
0.007750,  2412.840009
0.007754,  2412.835479
0.007758,  2412.830951
0.007763,  2412.826426
0.007767,  2412.821902
0.007771,  2412.817380
0.007775,  2412.812860
0.007779,  2412.808343
0.007783,  2412.803827
0.007788,  2412.799314
0.007792,  2412.794802
0.007796,  2412.790293
0.007800,  2412.785785
0.007804,  2412.781280
0.007808,  2412.776776
0.007813,  2412.772275
0.007817,  2412.767776
0.007821,  2412.763278
0.007825,  2412.758783
0.007829,  2412.754290
0.007833,  2412.749798
0.007838,  2412.745309
0.007842,  2412.740822
0.007846,  2412.736337
0.007850,  2412.731853
0.007854,  2412.727372
0.007858,  2412.722893
0.007863,  2412.718415
0.007867,  2412.713940
0.007871,  2412.709467
0.007875,  2412.704996
0.007879,  2412.700526
0.007883,  2412.696059
0.007888,  2412.691594
0.007892,  2412.687130
0.007896,  2412.682669
0.007900,  2412.678210
0.007904,  2412.673752
0.007908,  2412.669297
0.007913,  2412.664843
0.007917,  2412.660392
0.007921,  2412.655942
0.007925,  2412.651495
0.007929,  2412.647049
0.007933,  2412.642605
0.007938,  2412.638164
0.007942,  2412.633724
0.007946,  2412.629286
0.007950,  2412.624850
0.007954,  2412.620417
0.007958,  2412.615985
0.007963,  2412.611555
0.007967,  2412.607127
0.007971,  2412.602701
0.007975,  2412.598276
0.007979,  2412.593854
0.007983,  2412.589434
0.007988,  2412.585016
0.007992,  2412.580599
0.007996,  2412.576185
0.008000,  2412.571772
0.008004,  2412.567362
0.008008,  2412.562953
0.008013,  2412.558546
0.008017,  2412.554141
0.008021,  2412.549739
0.008025,  2412.545338
0.008029,  2412.540938
0.008033,  2412.536541
0.008038,  2412.532146
0.008042,  2412.527753
0.008046,  2412.523361
0.008050,  2412.518972
0.008054,  2412.514584
0.008058,  2412.510198
0.008063,  2412.505815
0.008067,  2412.501433
0.008071,  2412.497053
0.008075,  2412.492675
0.008079,  2412.488298
0.008083,  2412.483924
0.008088,  2412.479551
0.008092,  2412.475181
0.008096,  2412.470812
0.008100,  2412.466445
0.008104,  2412.462080
0.008108,  2412.457717
0.008113,  2412.453356
0.008117,  2412.448997
0.008121,  2412.444639
0.008125,  2412.440284
0.008129,  2412.435930
0.008133,  2412.431578
0.008138,  2412.427228
0.008142,  2412.422880
0.008146,  2412.418534
0.008150,  2412.414190
0.008154,  2412.409847
0.008158,  2412.405506
0.008163,  2412.401168
0.008167,  2412.396831
0.008171,  2412.392496
0.008175,  2412.388162
0.008179,  2412.383831
0.008183,  2412.379501
0.008188,  2412.375174
0.008192,  2412.370848
0.008196,  2412.366524
0.008200,  2412.362201
0.008204,  2412.357881
0.008208,  2412.353563
0.008213,  2412.349246
0.008217,  2412.344931
0.008221,  2412.340618
0.008225,  2412.336307
0.008229,  2412.331997
0.008233,  2412.327690
0.008238,  2412.323384
0.008242,  2412.319080
0.008246,  2412.314778
0.008250,  2412.310477
0.008254,  2412.306179
0.008258,  2412.301882
0.008263,  2412.297587
0.008267,  2412.293294
0.008271,  2412.289003
0.008275,  2412.284713
0.008279,  2412.280426
0.008283,  2412.276140
0.008288,  2412.271856
0.008292,  2412.267574
0.008296,  2412.263293
0.008300,  2412.259014
0.008304,  2412.254737
0.008308,  2412.250462
0.008313,  2412.246189
0.008317,  2412.241917
0.008321,  2412.237648
0.008325,  2412.233380
0.008329,  2412.229114
0.008333,  2412.224849
