# Time, systemEnergy
0.000000,  2445.791148
0.000004,  2443.503460
0.000008,  2442.347310
0.000013,  2441.660840
0.000017,  2441.201751
0.000021,  2440.860382
0.000025,  2440.583627
0.000029,  2440.345024
0.000033,  2440.130747
0.000038,  2439.933373
0.000042,  2439.748628
0.000046,  2439.573943
0.000050,  2439.407627
0.000054,  2439.248516
0.000058,  2439.095737
0.000063,  2438.948617
0.000067,  2438.806609
0.000071,  2438.669260
0.000075,  2438.536183
0.000079,  2438.407047
0.000083,  2438.281562
0.000088,  2438.159473
0.000092,  2438.040554
0.000096,  2437.924603
0.000100,  2437.811440
0.000104,  2437.700901
0.000108,  2437.592838
0.000113,  2437.487116
0.000117,  2437.383614
0.000121,  2437.282217
0.000125,  2437.182823
0.000129,  2437.085337
0.000133,  2436.989670
0.000138,  2436.895741
0.000142,  2436.803474
0.000146,  2436.712798
0.000150,  2436.623649
0.000154,  2436.535964
0.000158,  2436.449686
0.000163,  2436.364762
0.000167,  2436.281140
0.000171,  2436.198773
0.000175,  2436.117616
0.000179,  2436.037627
0.000183,  2435.958766
0.000188,  2435.880995
0.000192,  2435.804279
0.000196,  2435.728582
0.000200,  2435.653874
0.000204,  2435.580124
0.000208,  2435.507302
0.000213,  2435.435380
0.000217,  2435.364333
0.000221,  2435.294135
0.000225,  2435.224762
0.000229,  2435.156191
0.000233,  2435.088400
0.000238,  2435.021368
0.000242,  2434.955075
0.000246,  2434.889502
0.000250,  2434.824629
0.000254,  2434.760440
0.000258,  2434.696917
0.000263,  2434.634044
0.000267,  2434.571805
0.000271,  2434.510184
0.000275,  2434.449168
0.000279,  2434.388742
0.000283,  2434.328892
0.000288,  2434.269606
0.000292,  2434.210871
0.000296,  2434.152675
0.000300,  2434.095005
0.000304,  2434.037851
0.000308,  2433.981202
0.000313,  2433.925047
0.000317,  2433.869375
0.000321,  2433.814177
0.000325,  2433.759444
0.000329,  2433.705165
0.000333,  2433.651333
0.000338,  2433.597937
0.000342,  2433.544970
0.000346,  2433.492424
0.000350,  2433.440290
0.000354,  2433.388561
0.000358,  2433.337229
0.000363,  2433.286287
0.000367,  2433.235728
0.000371,  2433.185545
0.000375,  2433.135731
0.000379,  2433.086280
0.000383,  2433.037186
0.000388,  2432.988442
0.000392,  2432.940042
0.000396,  2432.891981
0.000400,  2432.844253
0.000404,  2432.796852
0.000408,  2432.749773
0.000413,  2432.703011
0.000417,  2432.656560
0.000421,  2432.610416
0.000425,  2432.564574
0.000429,  2432.519029
0.000433,  2432.473777
0.000438,  2432.428813
0.000442,  2432.384132
0.000446,  2432.339730
0.000450,  2432.295604
0.000454,  2432.251749
0.000458,  2432.208161
0.000463,  2432.164836
0.000467,  2432.121770
0.000471,  2432.078960
0.000475,  2432.036402
0.000479,  2431.994093
0.000483,  2431.952029
0.000488,  2431.910206
0.000492,  2431.868622
0.000496,  2431.827273
0.000500,  2431.786156
0.000504,  2431.745268
0.000508,  2431.704605
0.000513,  2431.664165
0.000517,  2431.623946
0.000521,  2431.583943
0.000525,  2431.544154
0.000529,  2431.504577
0.000533,  2431.465210
0.000538,  2431.426048
0.000542,  2431.387090
0.000546,  2431.348333
0.000550,  2431.309775
0.000554,  2431.271413
0.000558,  2431.233245
0.000563,  2431.195269
0.000567,  2431.157482
0.000571,  2431.119882
0.000575,  2431.082467
0.000579,  2431.045235
0.000583,  2431.008183
0.000588,  2430.971310
0.000592,  2430.934614
0.000596,  2430.898092
0.000600,  2430.861743
0.000604,  2430.825565
0.000608,  2430.789555
0.000613,  2430.753713
0.000617,  2430.718035
0.000621,  2430.682521
0.000625,  2430.647168
0.000629,  2430.611976
0.000633,  2430.576941
0.000638,  2430.542064
0.000642,  2430.507341
0.000646,  2430.472771
0.000650,  2430.438353
0.000654,  2430.404085
0.000658,  2430.369966
0.000663,  2430.335994
0.000667,  2430.302168
0.000671,  2430.268486
0.000675,  2430.234947
0.000679,  2430.201549
0.000683,  2430.168291
0.000688,  2430.135172
0.000692,  2430.102190
0.000696,  2430.069345
0.000700,  2430.036634
0.000704,  2430.004056
0.000708,  2429.971611
0.000713,  2429.939296
0.000717,  2429.907112
0.000721,  2429.875055
0.000725,  2429.843127
0.000729,  2429.811324
0.000733,  2429.779647
0.000738,  2429.748093
0.000742,  2429.716663
0.000746,  2429.685354
0.000750,  2429.654166
0.000754,  2429.623097
0.000758,  2429.592147
0.000763,  2429.561315
0.000767,  2429.530599
0.000771,  2429.499999
0.000775,  2429.469513
0.000779,  2429.439141
0.000783,  2429.408881
0.000788,  2429.378733
0.000792,  2429.348696
0.000796,  2429.318769
0.000800,  2429.288951
0.000804,  2429.259240
0.000808,  2429.229637
0.000813,  2429.200141
0.000817,  2429.170749
0.000821,  2429.141463
0.000825,  2429.112280
0.000829,  2429.083200
0.000833,  2429.054222
0.000838,  2429.025345
0.000842,  2428.996569
0.000846,  2428.967893
0.000850,  2428.939316
0.000854,  2428.910837
0.000858,  2428.882455
0.000863,  2428.854170
0.000867,  2428.825982
0.000871,  2428.797888
0.000875,  2428.769889
0.000879,  2428.741984
0.000883,  2428.714173
0.000888,  2428.686453
0.000892,  2428.658826
0.000896,  2428.631290
0.000900,  2428.603844
0.000904,  2428.576488
0.000908,  2428.549221
0.000913,  2428.522043
0.000917,  2428.494953
0.000921,  2428.467950
0.000925,  2428.441034
0.000929,  2428.414204
0.000933,  2428.387459
0.000938,  2428.360800
0.000942,  2428.334224
0.000946,  2428.307733
0.000950,  2428.281324
0.000954,  2428.254998
0.000958,  2428.228754
0.000963,  2428.202592
0.000967,  2428.176511
0.000971,  2428.150509
0.000975,  2428.124588
0.000979,  2428.098746
0.000983,  2428.072983
0.000988,  2428.047299
0.000992,  2428.021692
0.000996,  2427.996162
0.001000,  2427.970709
0.001004,  2427.945332
0.001008,  2427.920032
0.001013,  2427.894806
0.001017,  2427.869655
0.001021,  2427.844579
0.001025,  2427.819577
0.001029,  2427.794647
0.001033,  2427.769791
0.001038,  2427.745008
0.001042,  2427.720296
0.001046,  2427.695656
0.001050,  2427.671088
0.001054,  2427.646589
0.001058,  2427.622162
0.001063,  2427.597804
0.001067,  2427.573515
0.001071,  2427.549296
0.001075,  2427.525145
0.001079,  2427.501063
0.001083,  2427.477048
0.001088,  2427.453101
0.001092,  2427.429220
0.001096,  2427.405407
0.001100,  2427.381659
0.001104,  2427.357977
0.001108,  2427.334361
0.001113,  2427.310810
0.001117,  2427.287324
0.001121,  2427.263901
0.001125,  2427.240543
0.001129,  2427.217249
0.001133,  2427.194017
0.001138,  2427.170849
0.001142,  2427.147743
0.001146,  2427.124699
0.001150,  2427.101717
0.001154,  2427.078796
0.001158,  2427.055937
0.001163,  2427.033138
0.001167,  2427.010400
0.001171,  2426.987722
0.001175,  2426.965103
0.001179,  2426.942545
0.001183,  2426.920045
0.001188,  2426.897604
0.001192,  2426.875222
0.001196,  2426.852897
0.001200,  2426.830631
0.001204,  2426.808422
0.001208,  2426.786271
0.001213,  2426.764176
0.001217,  2426.742138
0.001221,  2426.720157
0.001225,  2426.698231
0.001229,  2426.676362
0.001233,  2426.654547
0.001238,  2426.632788
0.001242,  2426.611084
0.001246,  2426.589434
0.001250,  2426.567839
0.001254,  2426.546298
0.001258,  2426.524811
0.001263,  2426.503377
0.001267,  2426.481996
0.001271,  2426.460668
0.001275,  2426.439393
0.001279,  2426.418171
0.001283,  2426.397000
0.001288,  2426.375882
0.001292,  2426.354815
0.001296,  2426.333799
0.001300,  2426.312835
0.001304,  2426.291921
0.001308,  2426.271058
0.001313,  2426.250246
0.001317,  2426.229484
0.001321,  2426.208771
0.001325,  2426.188108
0.001329,  2426.167495
0.001333,  2426.146931
0.001338,  2426.126415
0.001342,  2426.105949
0.001346,  2426.085530
0.001350,  2426.065160
0.001354,  2426.044838
0.001358,  2426.024564
0.001363,  2426.004337
0.001367,  2425.984158
0.001371,  2425.964026
0.001375,  2425.943940
0.001379,  2425.923902
0.001383,  2425.903909
0.001388,  2425.883963
0.001392,  2425.864063
0.001396,  2425.844209
0.001400,  2425.824400
0.001404,  2425.804637
0.001408,  2425.784918
0.001413,  2425.765245
0.001417,  2425.745617
0.001421,  2425.726033
0.001425,  2425.706493
0.001429,  2425.686997
0.001433,  2425.667546
0.001438,  2425.648138
0.001442,  2425.628774
0.001446,  2425.609453
0.001450,  2425.590175
0.001454,  2425.570940
0.001458,  2425.551748
0.001463,  2425.532599
0.001467,  2425.513492
0.001471,  2425.494427
0.001475,  2425.475404
0.001479,  2425.456423
0.001483,  2425.437483
0.001488,  2425.418586
0.001492,  2425.399729
0.001496,  2425.380913
0.001500,  2425.362139
0.001504,  2425.343405
0.001508,  2425.324712
0.001513,  2425.306059
0.001517,  2425.287446
0.001521,  2425.268874
0.001525,  2425.250341
0.001529,  2425.231848
0.001533,  2425.213395
0.001538,  2425.194981
0.001542,  2425.176606
0.001546,  2425.158270
0.001550,  2425.139973
0.001554,  2425.121715
0.001558,  2425.103495
0.001563,  2425.085314
0.001567,  2425.067171
0.001571,  2425.049066
0.001575,  2425.030999
0.001579,  2425.012970
0.001583,  2424.994978
0.001588,  2424.977024
0.001592,  2424.959107
0.001596,  2424.941228
0.001600,  2424.923385
0.001604,  2424.905579
0.001608,  2424.887810
0.001613,  2424.870077
0.001617,  2424.852381
0.001621,  2424.834721
0.001625,  2424.817097
0.001629,  2424.799509
0.001633,  2424.781956
0.001638,  2424.764440
0.001642,  2424.746959
0.001646,  2424.729513
0.001650,  2424.712103
0.001654,  2424.694727
0.001658,  2424.677387
0.001663,  2424.660082
0.001667,  2424.642811
0.001671,  2424.625574
0.001675,  2424.608373
0.001679,  2424.591205
0.001683,  2424.574072
0.001688,  2424.556972
0.001692,  2424.539906
0.001696,  2424.522875
0.001700,  2424.505876
0.001704,  2424.488912
0.001708,  2424.471980
0.001713,  2424.455082
0.001717,  2424.438217
0.001721,  2424.421385
0.001725,  2424.404586
0.001729,  2424.387819
0.001733,  2424.371085
0.001738,  2424.354383
0.001742,  2424.337714
0.001746,  2424.321077
0.001750,  2424.304473
0.001754,  2424.287900
0.001758,  2424.271359
0.001763,  2424.254849
0.001767,  2424.238372
0.001771,  2424.221925
0.001775,  2424.205511
0.001779,  2424.189127
0.001783,  2424.172775
0.001788,  2424.156453
0.001792,  2424.140163
0.001796,  2424.123903
0.001800,  2424.107674
0.001804,  2424.091476
0.001808,  2424.075308
0.001813,  2424.059170
0.001817,  2424.043063
0.001821,  2424.026986
0.001825,  2424.010939
0.001829,  2423.994921
0.001833,  2423.978934
0.001838,  2423.962976
0.001842,  2423.947048
0.001846,  2423.931149
0.001850,  2423.915279
0.001854,  2423.899439
0.001858,  2423.883628
0.001863,  2423.867846
0.001867,  2423.852093
0.001871,  2423.836369
0.001875,  2423.820674
0.001879,  2423.805007
0.001883,  2423.789369
0.001888,  2423.773759
0.001892,  2423.758177
0.001896,  2423.742624
0.001900,  2423.727099
0.001904,  2423.711602
0.001908,  2423.696132
0.001913,  2423.680691
0.001917,  2423.665277
0.001921,  2423.649891
0.001925,  2423.634533
0.001929,  2423.619202
0.001933,  2423.603898
0.001938,  2423.588622
0.001942,  2423.573373
0.001946,  2423.558150
0.001950,  2423.542955
0.001954,  2423.527787
0.001958,  2423.512645
0.001963,  2423.497530
0.001967,  2423.482442
0.001971,  2423.467380
0.001975,  2423.452345
0.001979,  2423.437336
0.001983,  2423.422353
0.001988,  2423.407397
0.001992,  2423.392466
0.001996,  2423.377561
0.002000,  2423.362683
0.002004,  2423.347830
0.002008,  2423.333003
0.002013,  2423.318201
0.002017,  2423.303425
0.002021,  2423.288674
0.002025,  2423.273949
0.002029,  2423.259249
0.002033,  2423.244574
0.002038,  2423.229924
0.002042,  2423.215300
0.002046,  2423.200700
0.002050,  2423.186125
0.002054,  2423.171575
0.002058,  2423.157050
0.002063,  2423.142549
0.002067,  2423.128072
0.002071,  2423.113621
0.002075,  2423.099193
0.002079,  2423.084790
0.002083,  2423.070411
0.002088,  2423.056056
0.002092,  2423.041725
0.002096,  2423.027418
0.002100,  2423.013135
0.002104,  2422.998876
0.002108,  2422.984641
0.002113,  2422.970429
0.002117,  2422.956241
0.002121,  2422.942076
0.002125,  2422.927935
0.002129,  2422.913817
0.002133,  2422.899722
0.002138,  2422.885651
0.002142,  2422.871603
0.002146,  2422.857577
0.002150,  2422.843575
0.002154,  2422.829596
0.002158,  2422.815639
0.002163,  2422.801706
0.002167,  2422.787794
0.002171,  2422.773906
0.002175,  2422.760040
0.002179,  2422.746197
0.002183,  2422.732376
0.002188,  2422.718577
0.002192,  2422.704800
0.002196,  2422.691046
0.002200,  2422.677314
0.002204,  2422.663604
0.002208,  2422.649916
0.002213,  2422.636249
0.002217,  2422.622605
0.002221,  2422.608982
0.002225,  2422.595381
0.002229,  2422.581802
0.002233,  2422.568244
0.002238,  2422.554708
0.002242,  2422.541193
0.002246,  2422.527700
0.002250,  2422.514228
0.002254,  2422.500777
0.002258,  2422.487347
0.002263,  2422.473939
0.002267,  2422.460551
0.002271,  2422.447185
0.002275,  2422.433839
0.002279,  2422.420514
0.002283,  2422.407210
0.002288,  2422.393927
0.002292,  2422.380664
0.002296,  2422.367422
0.002300,  2422.354200
0.002304,  2422.340999
0.002308,  2422.327819
0.002313,  2422.314658
0.002317,  2422.301518
0.002321,  2422.288399
0.002325,  2422.275299
0.002329,  2422.262219
0.002333,  2422.249160
0.002338,  2422.236120
0.002342,  2422.223101
0.002346,  2422.210101
0.002350,  2422.197121
0.002354,  2422.184161
0.002358,  2422.171220
0.002363,  2422.158299
0.002367,  2422.145398
0.002371,  2422.132516
0.002375,  2422.119654
0.002379,  2422.106811
0.002383,  2422.093987
0.002388,  2422.081183
0.002392,  2422.068397
0.002396,  2422.055631
0.002400,  2422.042884
0.002404,  2422.030157
0.002408,  2422.017448
0.002413,  2422.004758
0.002417,  2421.992087
0.002421,  2421.979435
0.002425,  2421.966801
0.002429,  2421.954186
0.002433,  2421.941590
0.002438,  2421.929013
0.002442,  2421.916454
0.002446,  2421.903913
0.002450,  2421.891391
0.002454,  2421.878888
0.002458,  2421.866403
0.002463,  2421.853936
0.002467,  2421.841487
0.002471,  2421.829056
0.002475,  2421.816644
0.002479,  2421.804250
0.002483,  2421.791873
0.002488,  2421.779515
0.002492,  2421.767175
0.002496,  2421.754852
0.002500,  2421.742547
0.002504,  2421.730260
0.002508,  2421.717991
0.002513,  2421.705740
0.002517,  2421.693506
0.002521,  2421.681289
0.002525,  2421.669090
0.002529,  2421.656909
0.002533,  2421.644745
0.002538,  2421.632598
0.002542,  2421.620469
0.002546,  2421.608357
0.002550,  2421.596262
0.002554,  2421.584185
0.002558,  2421.572124
0.002563,  2421.560081
0.002567,  2421.548054
0.002571,  2421.536045
0.002575,  2421.524052
0.002579,  2421.512077
0.002583,  2421.500118
0.002588,  2421.488176
0.002592,  2421.476251
0.002596,  2421.464342
0.002600,  2421.452451
0.002604,  2421.440575
0.002608,  2421.428717
0.002613,  2421.416874
0.002617,  2421.405049
0.002621,  2421.393239
0.002625,  2421.381447
0.002629,  2421.369670
0.002633,  2421.357910
0.002638,  2421.346166
0.002642,  2421.334438
0.002646,  2421.322726
0.002650,  2421.311031
0.002654,  2421.299351
0.002658,  2421.287688
0.002663,  2421.276040
0.002667,  2421.264409
0.002671,  2421.252793
0.002675,  2421.241193
0.002679,  2421.229609
0.002683,  2421.218041
0.002688,  2421.206488
0.002692,  2421.194952
0.002696,  2421.183430
0.002700,  2421.171925
0.002704,  2421.160435
0.002708,  2421.148960
0.002713,  2421.137501
0.002717,  2421.126058
0.002721,  2421.114629
0.002725,  2421.103216
0.002729,  2421.091819
0.002733,  2421.080436
0.002738,  2421.069069
0.002742,  2421.057717
0.002746,  2421.046381
0.002750,  2421.035059
0.002754,  2421.023752
0.002758,  2421.012461
0.002763,  2421.001184
0.002767,  2420.989922
0.002771,  2420.978676
0.002775,  2420.967444
0.002779,  2420.956227
0.002783,  2420.945024
0.002788,  2420.933837
0.002792,  2420.922664
0.002796,  2420.911506
0.002800,  2420.900362
0.002804,  2420.889233
0.002808,  2420.878119
0.002813,  2420.867019
0.002817,  2420.855934
0.002821,  2420.844863
0.002825,  2420.833806
0.002829,  2420.822764
0.002833,  2420.811736
0.002838,  2420.800723
0.002842,  2420.789723
0.002846,  2420.778738
0.002850,  2420.767767
0.002854,  2420.756810
0.002858,  2420.745868
0.002863,  2420.734939
0.002867,  2420.724025
0.002871,  2420.713124
0.002875,  2420.702237
0.002879,  2420.691365
0.002883,  2420.680506
0.002888,  2420.669661
0.002892,  2420.658830
0.002896,  2420.648013
0.002900,  2420.637209
0.002904,  2420.626419
0.002908,  2420.615643
0.002913,  2420.604880
0.002917,  2420.594131
0.002921,  2420.583396
0.002925,  2420.572674
0.002929,  2420.561966
0.002933,  2420.551271
0.002938,  2420.540590
0.002942,  2420.529922
0.002946,  2420.519267
0.002950,  2420.508626
0.002954,  2420.497998
0.002958,  2420.487383
0.002963,  2420.476782
0.002967,  2420.466193
0.002971,  2420.455618
0.002975,  2420.445056
0.002979,  2420.434507
0.002983,  2420.423972
0.002988,  2420.413449
0.002992,  2420.402939
0.002996,  2420.392442
0.003000,  2420.381959
0.003004,  2420.371488
0.003008,  2420.361030
0.003013,  2420.350584
0.003017,  2420.340152
0.003021,  2420.329732
0.003025,  2420.319325
0.003029,  2420.308931
0.003033,  2420.298550
0.003038,  2420.288181
0.003042,  2420.277825
0.003046,  2420.267481
0.003050,  2420.257150
0.003054,  2420.246832
0.003058,  2420.236526
0.003063,  2420.226232
0.003067,  2420.215951
0.003071,  2420.205683
0.003075,  2420.195426
0.003079,  2420.185182
0.003083,  2420.174951
0.003088,  2420.164731
0.003092,  2420.154524
0.003096,  2420.144330
0.003100,  2420.134147
0.003104,  2420.123976
0.003108,  2420.113818
0.003113,  2420.103672
0.003117,  2420.093538
0.003121,  2420.083416
0.003125,  2420.073306
0.003129,  2420.063208
0.003133,  2420.053122
0.003138,  2420.043047
0.003142,  2420.032985
0.003146,  2420.022935
0.003150,  2420.012896
0.003154,  2420.002870
0.003158,  2419.992855
0.003163,  2419.982852
0.003167,  2419.972860
0.003171,  2419.962880
0.003175,  2419.952912
0.003179,  2419.942956
0.003183,  2419.933011
0.003188,  2419.923078
0.003192,  2419.913157
0.003196,  2419.903247
0.003200,  2419.893348
0.003204,  2419.883461
0.003208,  2419.873586
0.003213,  2419.863722
0.003217,  2419.853869
0.003221,  2419.844028
0.003225,  2419.834198
0.003229,  2419.824379
0.003233,  2419.814572
0.003238,  2419.804776
0.003242,  2419.794991
0.003246,  2419.785217
0.003250,  2419.775455
0.003254,  2419.765704
0.003258,  2419.755964
0.003263,  2419.746235
0.003267,  2419.736517
0.003271,  2419.726810
0.003275,  2419.717115
0.003279,  2419.707430
0.003283,  2419.697756
0.003288,  2419.688093
0.003292,  2419.678441
0.003296,  2419.668801
0.003300,  2419.659170
0.003304,  2419.649551
0.003308,  2419.639943
0.003313,  2419.630345
0.003317,  2419.620759
0.003321,  2419.611183
0.003325,  2419.601618
0.003329,  2419.592063
0.003333,  2419.582519
0.003338,  2419.572986
0.003342,  2419.563464
0.003346,  2419.553952
0.003350,  2419.544450
0.003354,  2419.534960
0.003358,  2419.525479
0.003363,  2419.516010
0.003367,  2419.506550
0.003371,  2419.497102
0.003375,  2419.487663
0.003379,  2419.478236
0.003383,  2419.468818
0.003388,  2419.459411
0.003392,  2419.450014
0.003396,  2419.440628
0.003400,  2419.431252
0.003404,  2419.421886
0.003408,  2419.412531
0.003413,  2419.403185
0.003417,  2419.393850
0.003421,  2419.384525
0.003425,  2419.375211
0.003429,  2419.365906
0.003433,  2419.356612
0.003438,  2419.347327
0.003442,  2419.338053
0.003446,  2419.328789
0.003450,  2419.319534
0.003454,  2419.310290
0.003458,  2419.301056
0.003463,  2419.291832
0.003467,  2419.282617
0.003471,  2419.273413
0.003475,  2419.264219
0.003479,  2419.255034
0.003483,  2419.245859
0.003488,  2419.236694
0.003492,  2419.227539
0.003496,  2419.218394
0.003500,  2419.209258
0.003504,  2419.200133
0.003508,  2419.191017
0.003513,  2419.181910
0.003517,  2419.172814
0.003521,  2419.163727
0.003525,  2419.154649
0.003529,  2419.145581
0.003533,  2419.136523
0.003538,  2419.127475
0.003542,  2419.118436
0.003546,  2419.109406
0.003550,  2419.100386
0.003554,  2419.091376
0.003558,  2419.082375
0.003563,  2419.073383
0.003567,  2419.064401
0.003571,  2419.055428
0.003575,  2419.046465
0.003579,  2419.037511
0.003583,  2419.028566
0.003588,  2419.019631
0.003592,  2419.010705
0.003596,  2419.001788
0.003600,  2418.992881
0.003604,  2418.983983
0.003608,  2418.975094
0.003613,  2418.966214
0.003617,  2418.957343
0.003621,  2418.948482
0.003625,  2418.939630
0.003629,  2418.930787
0.003633,  2418.921953
0.003638,  2418.913128
0.003642,  2418.904312
0.003646,  2418.895505
0.003650,  2418.886707
0.003654,  2418.877919
0.003658,  2418.869139
0.003663,  2418.860368
0.003667,  2418.851606
0.003671,  2418.842854
0.003675,  2418.834110
0.003679,  2418.825375
0.003683,  2418.816648
0.003688,  2418.807931
0.003692,  2418.799223
0.003696,  2418.790523
0.003700,  2418.781832
0.003704,  2418.773150
0.003708,  2418.764477
0.003713,  2418.755812
0.003717,  2418.747157
0.003721,  2418.738509
0.003725,  2418.729871
0.003729,  2418.721241
0.003733,  2418.712620
0.003738,  2418.704008
0.003742,  2418.695404
0.003746,  2418.686809
0.003750,  2418.678222
0.003754,  2418.669644
0.003758,  2418.661075
0.003763,  2418.652514
0.003767,  2418.643961
0.003771,  2418.635417
0.003775,  2418.626882
0.003779,  2418.618355
0.003783,  2418.609836
0.003788,  2418.601326
0.003792,  2418.592824
0.003796,  2418.584331
0.003800,  2418.575846
0.003804,  2418.567370
0.003808,  2418.558901
0.003813,  2418.550441
0.003817,  2418.541990
0.003821,  2418.533546
0.003825,  2418.525111
0.003829,  2418.516685
0.003833,  2418.508266
0.003838,  2418.499856
0.003842,  2418.491453
0.003846,  2418.483059
0.003850,  2418.474674
0.003854,  2418.466296
0.003858,  2418.457926
0.003863,  2418.449565
0.003867,  2418.441212
0.003871,  2418.432867
0.003875,  2418.424529
0.003879,  2418.416200
0.003883,  2418.407879
0.003888,  2418.399566
0.003892,  2418.391261
0.003896,  2418.382964
0.003900,  2418.374675
0.003904,  2418.366394
0.003908,  2418.358121
0.003913,  2418.349856
0.003917,  2418.341598
0.003921,  2418.333349
0.003925,  2418.325107
0.003929,  2418.316874
0.003933,  2418.308648
0.003938,  2418.300430
0.003942,  2418.292219
0.003946,  2418.284017
0.003950,  2418.275822
0.003954,  2418.267636
0.003958,  2418.259456
0.003963,  2418.251285
0.003967,  2418.243121
0.003971,  2418.234965
0.003975,  2418.226817
0.003979,  2418.218677
0.003983,  2418.210544
0.003988,  2418.202418
0.003992,  2418.194301
0.003996,  2418.186191
0.004000,  2418.178088
0.004004,  2418.169993
0.004008,  2418.161906
0.004013,  2418.153826
0.004017,  2418.145754
0.004021,  2418.137689
0.004025,  2418.129632
0.004029,  2418.121582
0.004033,  2418.113540
0.004038,  2418.105505
0.004042,  2418.097478
0.004046,  2418.089458
0.004050,  2418.081446
0.004054,  2418.073441
0.004058,  2418.065443
0.004063,  2418.057453
0.004067,  2418.049470
0.004071,  2418.041494
0.004075,  2418.033526
0.004079,  2418.025565
0.004083,  2418.017612
0.004088,  2418.009665
0.004092,  2418.001726
0.004096,  2417.993794
0.004100,  2417.985870
0.004104,  2417.977953
0.004108,  2417.970043
0.004113,  2417.962140
0.004117,  2417.954244
0.004121,  2417.946355
0.004125,  2417.938474
0.004129,  2417.930600
0.004133,  2417.922733
0.004138,  2417.914873
0.004142,  2417.907020
0.004146,  2417.899174
0.004150,  2417.891336
0.004154,  2417.883504
0.004158,  2417.875680
0.004163,  2417.867862
0.004167,  2417.860052
0.004171,  2417.852248
0.004175,  2417.844452
0.004179,  2417.836662
0.004183,  2417.828880
0.004188,  2417.821104
0.004192,  2417.813336
0.004196,  2417.805574
0.004200,  2417.797819
0.004204,  2417.790072
0.004208,  2417.782331
0.004213,  2417.774597
0.004217,  2417.766869
0.004221,  2417.759149
0.004225,  2417.751436
0.004229,  2417.743729
0.004233,  2417.736029
0.004238,  2417.728336
0.004242,  2417.720650
0.004246,  2417.712970
0.004250,  2417.705298
0.004254,  2417.697632
0.004258,  2417.689973
0.004263,  2417.682320
0.004267,  2417.674674
0.004271,  2417.667035
0.004275,  2417.659403
0.004279,  2417.651777
0.004283,  2417.644158
0.004288,  2417.636546
0.004292,  2417.628940
0.004296,  2417.621341
0.004300,  2417.613748
0.004304,  2417.606162
0.004308,  2417.598583
0.004313,  2417.591010
0.004317,  2417.583444
0.004321,  2417.575885
0.004325,  2417.568331
0.004329,  2417.560785
0.004333,  2417.553245
0.004338,  2417.545711
0.004342,  2417.538184
0.004346,  2417.530664
0.004350,  2417.523150
0.004354,  2417.515642
0.004358,  2417.508141
0.004363,  2417.500646
0.004367,  2417.493158
0.004371,  2417.485676
0.004375,  2417.478200
0.004379,  2417.470731
0.004383,  2417.463268
0.004388,  2417.455812
0.004392,  2417.448362
0.004396,  2417.440918
0.004400,  2417.433481
0.004404,  2417.426049
0.004408,  2417.418625
0.004413,  2417.411206
0.004417,  2417.403794
0.004421,  2417.396388
0.004425,  2417.388988
0.004429,  2417.381595
0.004433,  2417.374208
0.004438,  2417.366827
0.004442,  2417.359452
0.004446,  2417.352083
0.004450,  2417.344721
0.004454,  2417.337365
0.004458,  2417.330015
0.004463,  2417.322671
0.004467,  2417.315333
0.004471,  2417.308001
0.004475,  2417.300676
0.004479,  2417.293357
0.004483,  2417.286043
0.004488,  2417.278736
0.004492,  2417.271435
0.004496,  2417.264140
0.004500,  2417.256851
0.004504,  2417.249568
0.004508,  2417.242291
0.004513,  2417.235020
0.004517,  2417.227755
0.004521,  2417.220497
0.004525,  2417.213244
0.004529,  2417.205997
0.004533,  2417.198756
0.004538,  2417.191521
0.004542,  2417.184292
0.004546,  2417.177069
0.004550,  2417.169852
0.004554,  2417.162640
0.004558,  2417.155435
0.004563,  2417.148236
0.004567,  2417.141042
0.004571,  2417.133854
0.004575,  2417.126673
0.004579,  2417.119497
0.004583,  2417.112327
0.004588,  2417.105162
0.004592,  2417.098004
0.004596,  2417.090851
0.004600,  2417.083704
0.004604,  2417.076563
0.004608,  2417.069428
0.004613,  2417.062299
0.004617,  2417.055175
0.004621,  2417.048057
0.004625,  2417.040945
0.004629,  2417.033838
0.004633,  2417.026738
0.004638,  2417.019643
0.004642,  2417.012553
0.004646,  2417.005469
0.004650,  2416.998392
0.004654,  2416.991319
0.004658,  2416.984253
0.004663,  2416.977192
0.004667,  2416.970136
0.004671,  2416.963087
0.004675,  2416.956042
0.004679,  2416.949004
0.004683,  2416.941971
0.004688,  2416.934944
0.004692,  2416.927922
0.004696,  2416.920906
0.004700,  2416.913895
0.004704,  2416.906890
0.004708,  2416.899891
0.004713,  2416.892897
0.004717,  2416.885909
0.004721,  2416.878926
0.004725,  2416.871948
0.004729,  2416.864976
0.004733,  2416.858010
0.004738,  2416.851049
0.004742,  2416.844094
0.004746,  2416.837144
0.004750,  2416.830199
0.004754,  2416.823260
0.004758,  2416.816326
0.004763,  2416.809398
0.004767,  2416.802475
0.004771,  2416.795558
0.004775,  2416.788646
0.004779,  2416.781739
0.004783,  2416.774838
0.004788,  2416.767942
0.004792,  2416.761052
0.004796,  2416.754166
0.004800,  2416.747287
0.004804,  2416.740412
0.004808,  2416.733543
0.004813,  2416.726679
0.004817,  2416.719820
0.004821,  2416.712967
0.004825,  2416.706119
0.004829,  2416.699276
0.004833,  2416.692439
0.004838,  2416.685607
0.004842,  2416.678780
0.004846,  2416.671958
0.004850,  2416.665142
0.004854,  2416.658330
0.004858,  2416.651524
0.004863,  2416.644724
0.004867,  2416.637928
0.004871,  2416.631138
0.004875,  2416.624352
0.004879,  2416.617572
0.004883,  2416.610797
0.004888,  2416.604028
0.004892,  2416.597263
0.004896,  2416.590503
0.004900,  2416.583749
0.004904,  2416.577000
0.004908,  2416.570256
0.004913,  2416.563517
0.004917,  2416.556783
0.004921,  2416.550054
0.004925,  2416.543330
0.004929,  2416.536611
0.004933,  2416.529898
0.004938,  2416.523189
0.004942,  2416.516486
0.004946,  2416.509787
0.004950,  2416.503094
0.004954,  2416.496405
0.004958,  2416.489722
0.004963,  2416.483043
0.004967,  2416.476370
0.004971,  2416.469701
0.004975,  2416.463038
0.004979,  2416.456379
0.004983,  2416.449726
0.004988,  2416.443077
0.004992,  2416.436434
0.004996,  2416.429795
0.005000,  2416.423161
0.005004,  2416.416532
0.005008,  2416.409908
0.005013,  2416.403289
0.005017,  2416.396675
0.005021,  2416.390066
0.005025,  2416.383461
0.005029,  2416.376862
0.005033,  2416.370267
0.005038,  2416.363677
0.005042,  2416.357092
0.005046,  2416.350512
0.005050,  2416.343937
0.005054,  2416.337367
0.005058,  2416.330801
0.005063,  2416.324240
0.005067,  2416.317684
0.005071,  2416.311133
0.005075,  2416.304586
0.005079,  2416.298045
0.005083,  2416.291508
0.005088,  2416.284976
0.005092,  2416.278448
0.005096,  2416.271926
0.005100,  2416.265408
0.005104,  2416.258895
0.005108,  2416.252386
0.005113,  2416.245883
0.005117,  2416.239384
0.005121,  2416.232889
0.005125,  2416.226400
0.005129,  2416.219915
0.005133,  2416.213434
0.005138,  2416.206959
0.005142,  2416.200488
0.005146,  2416.194022
0.005150,  2416.187560
0.005154,  2416.181103
0.005158,  2416.174651
0.005163,  2416.168203
0.005167,  2416.161760
0.005171,  2416.155322
0.005175,  2416.148888
0.005179,  2416.142458
0.005183,  2416.136034
0.005188,  2416.129614
0.005192,  2416.123198
0.005196,  2416.116787
0.005200,  2416.110381
0.005204,  2416.103979
0.005208,  2416.097582
0.005213,  2416.091189
0.005217,  2416.084801
0.005221,  2416.078417
0.005225,  2416.072038
0.005229,  2416.065663
0.005233,  2416.059293
0.005238,  2416.052928
0.005242,  2416.046566
0.005246,  2416.040210
0.005250,  2416.033858
0.005254,  2416.027510
0.005258,  2416.021167
0.005263,  2416.014828
0.005267,  2416.008493
0.005271,  2416.002163
0.005275,  2415.995838
0.005279,  2415.989517
0.005283,  2415.983200
0.005288,  2415.976888
0.005292,  2415.970580
0.005296,  2415.964277
0.005300,  2415.957978
0.005304,  2415.951683
0.005308,  2415.945393
0.005313,  2415.939107
0.005317,  2415.932826
0.005321,  2415.926548
0.005325,  2415.920276
0.005329,  2415.914007
0.005333,  2415.907743
0.005338,  2415.901483
0.005342,  2415.895228
0.005346,  2415.888977
0.005350,  2415.882730
0.005354,  2415.876487
0.005358,  2415.870249
0.005363,  2415.864015
0.005367,  2415.857785
0.005371,  2415.851560
0.005375,  2415.845339
0.005379,  2415.839122
0.005383,  2415.832909
0.005388,  2415.826701
0.005392,  2415.820497
0.005396,  2415.814297
0.005400,  2415.808102
0.005404,  2415.801910
0.005408,  2415.795723
0.005413,  2415.789540
0.005417,  2415.783361
0.005421,  2415.777187
0.005425,  2415.771016
0.005429,  2415.764850
0.005433,  2415.758688
0.005438,  2415.752531
0.005442,  2415.746377
0.005446,  2415.740227
0.005450,  2415.734082
0.005454,  2415.727941
0.005458,  2415.721804
0.005463,  2415.715671
0.005467,  2415.709542
0.005471,  2415.703418
0.005475,  2415.697297
0.005479,  2415.691181
0.005483,  2415.685069
0.005488,  2415.678960
0.005492,  2415.672856
0.005496,  2415.666756
0.005500,  2415.660660
0.005504,  2415.654569
0.005508,  2415.648481
0.005513,  2415.642397
0.005517,  2415.636317
0.005521,  2415.630242
0.005525,  2415.624170
0.005529,  2415.618103
0.005533,  2415.612039
0.005538,  2415.605980
0.005542,  2415.599924
0.005546,  2415.593873
0.005550,  2415.587825
0.005554,  2415.581782
0.005558,  2415.575743
0.005563,  2415.569707
0.005567,  2415.563676
0.005571,  2415.557648
0.005575,  2415.551625
0.005579,  2415.545605
0.005583,  2415.539590
0.005588,  2415.533578
0.005592,  2415.527571
0.005596,  2415.521567
0.005600,  2415.515567
0.005604,  2415.509571
0.005608,  2415.503579
0.005613,  2415.497591
0.005617,  2415.491607
0.005621,  2415.485627
0.005625,  2415.479651
0.005629,  2415.473679
0.005633,  2415.467710
0.005638,  2415.461745
0.005642,  2415.455785
0.005646,  2415.449828
0.005650,  2415.443875
0.005654,  2415.437926
0.005658,  2415.431981
0.005663,  2415.426039
0.005667,  2415.420102
0.005671,  2415.414168
0.005675,  2415.408238
0.005679,  2415.402312
0.005683,  2415.396390
0.005688,  2415.390472
0.005692,  2415.384557
0.005696,  2415.378646
0.005700,  2415.372739
0.005704,  2415.366836
0.005708,  2415.360937
0.005713,  2415.355041
0.005717,  2415.349149
0.005721,  2415.343261
0.005725,  2415.337377
0.005729,  2415.331497
0.005733,  2415.325620
0.005738,  2415.319747
0.005742,  2415.313878
0.005746,  2415.308012
0.005750,  2415.302150
0.005754,  2415.296292
0.005758,  2415.290438
0.005763,  2415.284587
0.005767,  2415.278740
0.005771,  2415.272897
0.005775,  2415.267058
0.005779,  2415.261222
0.005783,  2415.255390
0.005788,  2415.249562
0.005792,  2415.243737
0.005796,  2415.237916
0.005800,  2415.232099
0.005804,  2415.226285
0.005808,  2415.220475
0.005813,  2415.214668
0.005817,  2415.208866
0.005821,  2415.203067
0.005825,  2415.197271
0.005829,  2415.191479
0.005833,  2415.185691
0.005838,  2415.179907
0.005842,  2415.174126
0.005846,  2415.168349
0.005850,  2415.162575
0.005854,  2415.156805
0.005858,  2415.151038
0.005863,  2415.145275
0.005867,  2415.139516
0.005871,  2415.133760
0.005875,  2415.128008
0.005879,  2415.122260
0.005883,  2415.116515
0.005888,  2415.110773
0.005892,  2415.105035
0.005896,  2415.099301
0.005900,  2415.093570
0.005904,  2415.087843
0.005908,  2415.082119
0.005913,  2415.076399
0.005917,  2415.070683
0.005921,  2415.064970
0.005925,  2415.059260
0.005929,  2415.053554
0.005933,  2415.047851
0.005938,  2415.042152
0.005942,  2415.036457
0.005946,  2415.030765
0.005950,  2415.025076
0.005954,  2415.019391
0.005958,  2415.013710
0.005963,  2415.008032
0.005967,  2415.002357
0.005971,  2414.996686
0.005975,  2414.991018
0.005979,  2414.985354
0.005983,  2414.979693
0.005988,  2414.974036
0.005992,  2414.968382
0.005996,  2414.962731
0.006000,  2414.957084
0.006004,  2414.951440
0.006008,  2414.945800
0.006013,  2414.940163
0.006017,  2414.934530
0.006021,  2414.928900
0.006025,  2414.923274
0.006029,  2414.917650
0.006033,  2414.912031
0.006038,  2414.906414
0.006042,  2414.900801
0.006046,  2414.895192
0.006050,  2414.889585
0.006054,  2414.883983
0.006058,  2414.878383
0.006063,  2414.872787
0.006067,  2414.867194
0.006071,  2414.861605
0.006075,  2414.856019
0.006079,  2414.850436
0.006083,  2414.844857
0.006088,  2414.839280
0.006092,  2414.833708
0.006096,  2414.828138
0.006100,  2414.822572
0.006104,  2414.817010
0.006108,  2414.811450
0.006113,  2414.805894
0.006117,  2414.800341
0.006121,  2414.794792
0.006125,  2414.789245
0.006129,  2414.783702
0.006133,  2414.778163
0.006138,  2414.772626
0.006142,  2414.767093
0.006146,  2414.761563
0.006150,  2414.756037
0.006154,  2414.750513
0.006158,  2414.744993
0.006163,  2414.739476
0.006167,  2414.733963
0.006171,  2414.728453
0.006175,  2414.722946
0.006179,  2414.717442
0.006183,  2414.711941
0.006188,  2414.706444
0.006192,  2414.700950
0.006196,  2414.695459
0.006200,  2414.689971
0.006204,  2414.684486
0.006208,  2414.679005
0.006213,  2414.673527
0.006217,  2414.668052
0.006221,  2414.662580
0.006225,  2414.657112
0.006229,  2414.651646
0.006233,  2414.646184
0.006238,  2414.640725
0.006242,  2414.635270
0.006246,  2414.629817
0.006250,  2414.624367
0.006254,  2414.618921
0.006258,  2414.613478
0.006263,  2414.608038
0.006267,  2414.602601
0.006271,  2414.597167
0.006275,  2414.591737
0.006279,  2414.586309
0.006283,  2414.580885
0.006288,  2414.575464
0.006292,  2414.570046
0.006296,  2414.564631
0.006300,  2414.559219
0.006304,  2414.553810
0.006308,  2414.548404
0.006313,  2414.543002
0.006317,  2414.537602
0.006321,  2414.532206
0.006325,  2414.526813
0.006329,  2414.521423
0.006333,  2414.516036
0.006338,  2414.510652
0.006342,  2414.505271
0.006346,  2414.499893
0.006350,  2414.494518
0.006354,  2414.489146
0.006358,  2414.483778
0.006363,  2414.478412
0.006367,  2414.473049
0.006371,  2414.467690
0.006375,  2414.462333
0.006379,  2414.456980
0.006383,  2414.451629
0.006388,  2414.446282
0.006392,  2414.440938
0.006396,  2414.435596
0.006400,  2414.430258
0.006404,  2414.424922
0.006408,  2414.419590
0.006413,  2414.414261
0.006417,  2414.408935
0.006421,  2414.403611
0.006425,  2414.398291
0.006429,  2414.392974
0.006433,  2414.387659
0.006438,  2414.382348
0.006442,  2414.377039
0.006446,  2414.371734
0.006450,  2414.366432
0.006454,  2414.361132
0.006458,  2414.355836
0.006463,  2414.350542
0.006467,  2414.345251
0.006471,  2414.339964
0.006475,  2414.334679
0.006479,  2414.329397
0.006483,  2414.324118
0.006488,  2414.318842
0.006492,  2414.313570
0.006496,  2414.308299
0.006500,  2414.303032
0.006504,  2414.297768
0.006508,  2414.292507
0.006513,  2414.287249
0.006517,  2414.281993
0.006521,  2414.276741
0.006525,  2414.271491
0.006529,  2414.266244
0.006533,  2414.261000
0.006538,  2414.255759
0.006542,  2414.250521
0.006546,  2414.245286
0.006550,  2414.240054
0.006554,  2414.234824
0.006558,  2414.229598
0.006563,  2414.224374
0.006567,  2414.219153
0.006571,  2414.213935
0.006575,  2414.208720
0.006579,  2414.203508
0.006583,  2414.198299
0.006588,  2414.193092
0.006592,  2414.187888
0.006596,  2414.182687
0.006600,  2414.177489
0.006604,  2414.172294
0.006608,  2414.167102
0.006613,  2414.161912
0.006617,  2414.156726
0.006621,  2414.151542
0.006625,  2414.146361
0.006629,  2414.141182
0.006633,  2414.136007
0.006638,  2414.130834
0.006642,  2414.125664
0.006646,  2414.120497
0.006650,  2414.115333
0.006654,  2414.110172
0.006658,  2414.105013
0.006663,  2414.099857
0.006667,  2414.094704
0.006671,  2414.089553
0.006675,  2414.084406
0.006679,  2414.079261
0.006683,  2414.074119
0.006688,  2414.068980
0.006692,  2414.063843
0.006696,  2414.058709
0.006700,  2414.053578
0.006704,  2414.048450
0.006708,  2414.043325
0.006713,  2414.038202
0.006717,  2414.033082
0.006721,  2414.027964
0.006725,  2414.022850
0.006729,  2414.017738
0.006733,  2414.012629
0.006738,  2414.007523
0.006742,  2414.002419
0.006746,  2413.997318
0.006750,  2413.992220
0.006754,  2413.987124
0.006758,  2413.982031
0.006763,  2413.976941
0.006767,  2413.971854
0.006771,  2413.966769
0.006775,  2413.961687
0.006779,  2413.956607
0.006783,  2413.951531
0.006788,  2413.946457
0.006792,  2413.941385
0.006796,  2413.936317
0.006800,  2413.931251
0.006804,  2413.926187
0.006808,  2413.921127
0.006813,  2413.916069
0.006817,  2413.911014
0.006821,  2413.905961
0.006825,  2413.900911
0.006829,  2413.895863
0.006833,  2413.890819
0.006838,  2413.885777
0.006842,  2413.880737
0.006846,  2413.875700
0.006850,  2413.870666
0.006854,  2413.865635
0.006858,  2413.860606
0.006863,  2413.855579
0.006867,  2413.850556
0.006871,  2413.845535
0.006875,  2413.840516
0.006879,  2413.835500
0.006883,  2413.830487
0.006888,  2413.825477
0.006892,  2413.820469
0.006896,  2413.815463
0.006900,  2413.810460
0.006904,  2413.805460
0.006908,  2413.800462
0.006913,  2413.795467
0.006917,  2413.790475
0.006921,  2413.785485
0.006925,  2413.780498
0.006929,  2413.775513
0.006933,  2413.770531
0.006938,  2413.765551
0.006942,  2413.760574
0.006946,  2413.755600
0.006950,  2413.750628
0.006954,  2413.745658
0.006958,  2413.740691
0.006963,  2413.735727
0.006967,  2413.730765
0.006971,  2413.725806
0.006975,  2413.720850
0.006979,  2413.715895
0.006983,  2413.710944
0.006988,  2413.705995
0.006992,  2413.701048
0.006996,  2413.696104
0.007000,  2413.691163
0.007004,  2413.686224
0.007008,  2413.681287
0.007013,  2413.676353
0.007017,  2413.671422
0.007021,  2413.666493
0.007025,  2413.661567
0.007029,  2413.656643
0.007033,  2413.651721
0.007038,  2413.646802
0.007042,  2413.641886
0.007046,  2413.636972
0.007050,  2413.632060
0.007054,  2413.627151
0.007058,  2413.622245
0.007063,  2413.617341
0.007067,  2413.612439
0.007071,  2413.607540
0.007075,  2413.602644
0.007079,  2413.597749
0.007083,  2413.592858
0.007088,  2413.587969
0.007092,  2413.583082
0.007096,  2413.578197
0.007100,  2413.573316
0.007104,  2413.568436
0.007108,  2413.563559
0.007113,  2413.558685
0.007117,  2413.553812
0.007121,  2413.548943
0.007125,  2413.544076
0.007129,  2413.539211
0.007133,  2413.534348
0.007138,  2413.529488
0.007142,  2413.524631
0.007146,  2413.519776
0.007150,  2413.514923
0.007154,  2413.510073
0.007158,  2413.505225
0.007163,  2413.500379
0.007167,  2413.495536
0.007171,  2413.490696
0.007175,  2413.485857
0.007179,  2413.481022
0.007183,  2413.476188
0.007188,  2413.471357
0.007192,  2413.466528
0.007196,  2413.461702
0.007200,  2413.456878
0.007204,  2413.452057
0.007208,  2413.447237
0.007213,  2413.442421
0.007217,  2413.437606
0.007221,  2413.432794
0.007225,  2413.427984
0.007229,  2413.423177
0.007233,  2413.418372
0.007238,  2413.413570
0.007242,  2413.408769
0.007246,  2413.403971
0.007250,  2413.399176
0.007254,  2413.394383
0.007258,  2413.389592
0.007263,  2413.384803
0.007267,  2413.380017
0.007271,  2413.375233
0.007275,  2413.370452
0.007279,  2413.365673
0.007283,  2413.360896
0.007288,  2413.356121
0.007292,  2413.351349
0.007296,  2413.346579
0.007300,  2413.341812
0.007304,  2413.337046
0.007308,  2413.332283
0.007313,  2413.327523
0.007317,  2413.322764
0.007321,  2413.318008
0.007325,  2413.313255
0.007329,  2413.308503
0.007333,  2413.303754
0.007338,  2413.299007
0.007342,  2413.294263
0.007346,  2413.289521
0.007350,  2413.284781
0.007354,  2413.280043
0.007358,  2413.275308
0.007363,  2413.270574
0.007367,  2413.265844
0.007371,  2413.261115
0.007375,  2413.256389
0.007379,  2413.251665
0.007383,  2413.246943
0.007388,  2413.242223
0.007392,  2413.237506
0.007396,  2413.232791
0.007400,  2413.228079
0.007404,  2413.223368
0.007408,  2413.218660
0.007413,  2413.213954
0.007417,  2413.209250
0.007421,  2413.204549
0.007425,  2413.199849
0.007429,  2413.195152
0.007433,  2413.190458
0.007438,  2413.185765
0.007442,  2413.181075
0.007446,  2413.176387
0.007450,  2413.171701
0.007454,  2413.167017
0.007458,  2413.162336
0.007463,  2413.157657
0.007467,  2413.152980
0.007471,  2413.148305
0.007475,  2413.143632
0.007479,  2413.138962
0.007483,  2413.134294
0.007488,  2413.129628
0.007492,  2413.124964
0.007496,  2413.120302
0.007500,  2413.115643
0.007504,  2413.110986
0.007508,  2413.106331
0.007513,  2413.101678
0.007517,  2413.097028
0.007521,  2413.092379
0.007525,  2413.087733
0.007529,  2413.083089
0.007533,  2413.078447
0.007538,  2413.073807
0.007542,  2413.069170
0.007546,  2413.064534
0.007550,  2413.059901
0.007554,  2413.055270
0.007558,  2413.050641
0.007563,  2413.046015
0.007567,  2413.041390
0.007571,  2413.036768
0.007575,  2413.032147
0.007579,  2413.027529
0.007583,  2413.022913
0.007588,  2413.018299
0.007592,  2413.013688
0.007596,  2413.009078
0.007600,  2413.004471
0.007604,  2412.999866
0.007608,  2412.995262
0.007613,  2412.990662
0.007617,  2412.986063
0.007621,  2412.981466
0.007625,  2412.976871
0.007629,  2412.972279
0.007633,  2412.967688
0.007638,  2412.963100
0.007642,  2412.958514
0.007646,  2412.953930
0.007650,  2412.949348
0.007654,  2412.944768
0.007658,  2412.940191
0.007663,  2412.935615
0.007667,  2412.931041
0.007671,  2412.926470
0.007675,  2412.921901
0.007679,  2412.917334
0.007683,  2412.912768
0.007688,  2412.908205
0.007692,  2412.903644
0.007696,  2412.899086
0.007700,  2412.894529
0.007704,  2412.889974
0.007708,  2412.885422
0.007713,  2412.880871
0.007717,  2412.876323
0.007721,  2412.871776
0.007725,  2412.867232
0.007729,  2412.862690
0.007733,  2412.858149
0.007738,  2412.853611
0.007742,  2412.849075
0.007746,  2412.844541
0.007750,  2412.840009
0.007754,  2412.835479
0.007758,  2412.830951
0.007763,  2412.826426
0.007767,  2412.821902
0.007771,  2412.817380
0.007775,  2412.812860
0.007779,  2412.808343
0.007783,  2412.803827
0.007788,  2412.799314
0.007792,  2412.794802
0.007796,  2412.790293
0.007800,  2412.785785
0.007804,  2412.781280
0.007808,  2412.776776
0.007813,  2412.772275
0.007817,  2412.767776
0.007821,  2412.763278
0.007825,  2412.758783
0.007829,  2412.754290
0.007833,  2412.749798
0.007838,  2412.745309
0.007842,  2412.740822
0.007846,  2412.736337
0.007850,  2412.731853
0.007854,  2412.727372
0.007858,  2412.722893
0.007863,  2412.718415
0.007867,  2412.713940
0.007871,  2412.709467
0.007875,  2412.704996
0.007879,  2412.700526
0.007883,  2412.696059
0.007888,  2412.691594
0.007892,  2412.687130
0.007896,  2412.682669
0.007900,  2412.678210
0.007904,  2412.673752
0.007908,  2412.669297
0.007913,  2412.664843
0.007917,  2412.660392
0.007921,  2412.655942
0.007925,  2412.651495
0.007929,  2412.647049
0.007933,  2412.642605
0.007938,  2412.638164
0.007942,  2412.633724
0.007946,  2412.629286
0.007950,  2412.624850
0.007954,  2412.620417
0.007958,  2412.615985
0.007963,  2412.611555
0.007967,  2412.607127
0.007971,  2412.602701
0.007975,  2412.598276
0.007979,  2412.593854
0.007983,  2412.589434
0.007988,  2412.585016
0.007992,  2412.580599
0.007996,  2412.576185
0.008000,  2412.571772
0.008004,  2412.567362
0.008008,  2412.562953
0.008013,  2412.558546
0.008017,  2412.554141
0.008021,  2412.549739
0.008025,  2412.545338
0.008029,  2412.540938
0.008033,  2412.536541
0.008038,  2412.532146
0.008042,  2412.527753
0.008046,  2412.523361
0.008050,  2412.518972
0.008054,  2412.514584
0.008058,  2412.510198
0.008063,  2412.505815
0.008067,  2412.501433
0.008071,  2412.497053
0.008075,  2412.492675
0.008079,  2412.488298
0.008083,  2412.483924
0.008088,  2412.479551
0.008092,  2412.475181
0.008096,  2412.470812
0.008100,  2412.466445
0.008104,  2412.462080
0.008108,  2412.457717
0.008113,  2412.453356
0.008117,  2412.448997
0.008121,  2412.444639
0.008125,  2412.440284
0.008129,  2412.435930
0.008133,  2412.431578
0.008138,  2412.427228
0.008142,  2412.422880
0.008146,  2412.418534
0.008150,  2412.414190
0.008154,  2412.409847
0.008158,  2412.405506
0.008163,  2412.401168
0.008167,  2412.396831
0.008171,  2412.392496
0.008175,  2412.388162
0.008179,  2412.383831
0.008183,  2412.379501
0.008188,  2412.375174
0.008192,  2412.370848
0.008196,  2412.366524
0.008200,  2412.362201
0.008204,  2412.357881
0.008208,  2412.353563
0.008213,  2412.349246
0.008217,  2412.344931
0.008221,  2412.340618
0.008225,  2412.336307
0.008229,  2412.331997
0.008233,  2412.327690
0.008238,  2412.323384
0.008242,  2412.319080
0.008246,  2412.314778
0.008250,  2412.310477
0.008254,  2412.306179
0.008258,  2412.301882
0.008263,  2412.297587
0.008267,  2412.293294
0.008271,  2412.289003
0.008275,  2412.284713
0.008279,  2412.280426
0.008283,  2412.276140
0.008288,  2412.271856
0.008292,  2412.267574
0.008296,  2412.263293
0.008300,  2412.259014
0.008304,  2412.254737
0.008308,  2412.250462
0.008313,  2412.246189
0.008317,  2412.241917
0.008321,  2412.237648
0.008325,  2412.233380
0.008329,  2412.229114
0.008333,  2412.224849
0.008338,  2412.220587
0.008342,  2412.216326
0.008346,  2412.212067
0.008350,  2412.207809
0.008354,  2412.203554
0.008358,  2412.199300
0.008363,  2412.195048
0.008367,  2412.190798
0.008371,  2412.186549
0.008375,  2412.182302
0.008379,  2412.178057
0.008383,  2412.173814
0.008388,  2412.169573
0.008392,  2412.165333
0.008396,  2412.161095
0.008400,  2412.156859
0.008404,  2412.152624
0.008408,  2412.148392
0.008413,  2412.144161
0.008417,  2412.139932
0.008421,  2412.135704
0.008425,  2412.131478
0.008429,  2412.127254
0.008433,  2412.123032
0.008438,  2412.118812
0.008442,  2412.114593
0.008446,  2412.110376
0.008450,  2412.106160
0.008454,  2412.101947
0.008458,  2412.097735
0.008463,  2412.093525
0.008467,  2412.089316
0.008471,  2412.085110
0.008475,  2412.080905
0.008479,  2412.076701
0.008483,  2412.072500
0.008488,  2412.068300
0.008492,  2412.064102
0.008496,  2412.059905
0.008500,  2412.055711
0.008504,  2412.051518
0.008508,  2412.047326
0.008513,  2412.043137
0.008517,  2412.038949
0.008521,  2412.034763
0.008525,  2412.030578
0.008529,  2412.026395
0.008533,  2412.022214
0.008538,  2412.018035
0.008542,  2412.013857
0.008546,  2412.009681
0.008550,  2412.005507
0.008554,  2412.001334
0.008558,  2411.997163
0.008563,  2411.992994
0.008567,  2411.988826
0.008571,  2411.984661
0.008575,  2411.980496
0.008579,  2411.976334
0.008583,  2411.972173
0.008588,  2411.968014
0.008592,  2411.963856
0.008596,  2411.959700
0.008600,  2411.955546
0.008604,  2411.951394
0.008608,  2411.947243
0.008613,  2411.943094
0.008617,  2411.938946
0.008621,  2411.934800
0.008625,  2411.930656
0.008629,  2411.926514
0.008633,  2411.922373
0.008638,  2411.918233
0.008642,  2411.914096
0.008646,  2411.909960
0.008650,  2411.905826
0.008654,  2411.901693
0.008658,  2411.897562
0.008663,  2411.893433
0.008667,  2411.889305
0.008671,  2411.885179
0.008675,  2411.881055
0.008679,  2411.876932
0.008683,  2411.872811
0.008688,  2411.868691
0.008692,  2411.864574
0.008696,  2411.860457
0.008700,  2411.856343
0.008704,  2411.852230
0.008708,  2411.848118
0.008713,  2411.844009
0.008717,  2411.839901
0.008721,  2411.835794
0.008725,  2411.831690
0.008729,  2411.827586
0.008733,  2411.823485
0.008738,  2411.819385
0.008742,  2411.815286
0.008746,  2411.811190
0.008750,  2411.807095
0.008754,  2411.803001
0.008758,  2411.798909
0.008763,  2411.794819
0.008767,  2411.790730
0.008771,  2411.786643
0.008775,  2411.782558
0.008779,  2411.778474
0.008783,  2411.774392
0.008788,  2411.770311
0.008792,  2411.766232
0.008796,  2411.762154
0.008800,  2411.758079
0.008804,  2411.754004
0.008808,  2411.749932
0.008813,  2411.745861
0.008817,  2411.741791
0.008821,  2411.737723
0.008825,  2411.733657
0.008829,  2411.729592
0.008833,  2411.725529
0.008838,  2411.721467
0.008842,  2411.717407
0.008846,  2411.713349
0.008850,  2411.709292
0.008854,  2411.705237
0.008858,  2411.701183
0.008863,  2411.697131
0.008867,  2411.693081
0.008871,  2411.689032
0.008875,  2411.684984
0.008879,  2411.680938
0.008883,  2411.676894
0.008888,  2411.672851
0.008892,  2411.668810
0.008896,  2411.664771
0.008900,  2411.660733
0.008904,  2411.656696
0.008908,  2411.652661
0.008913,  2411.648628
0.008917,  2411.644596
0.008921,  2411.640566
0.008925,  2411.636537
0.008929,  2411.632510
0.008933,  2411.628484
0.008938,  2411.624460
0.008942,  2411.620438
0.008946,  2411.616417
0.008950,  2411.612398
0.008954,  2411.608380
0.008958,  2411.604363
0.008963,  2411.600349
0.008967,  2411.596335
0.008971,  2411.592324
0.008975,  2411.588313
0.008979,  2411.584305
0.008983,  2411.580298
0.008988,  2411.576292
0.008992,  2411.572288
0.008996,  2411.568285
0.009000,  2411.564284
0.009004,  2411.560285
0.009008,  2411.556287
0.009013,  2411.552291
0.009017,  2411.548296
0.009021,  2411.544302
0.009025,  2411.540310
0.009029,  2411.536320
0.009033,  2411.532331
0.009038,  2411.528344
0.009042,  2411.524358
0.009046,  2411.520374
0.009050,  2411.516391
0.009054,  2411.512409
0.009058,  2411.508430
0.009063,  2411.504451
0.009067,  2411.500475
0.009071,  2411.496499
0.009075,  2411.492526
0.009079,  2411.488553
0.009083,  2411.484582
0.009088,  2411.480613
0.009092,  2411.476645
0.009096,  2411.472679
0.009100,  2411.468714
0.009104,  2411.464751
0.009108,  2411.460789
0.009113,  2411.456829
0.009117,  2411.452870
0.009121,  2411.448913
0.009125,  2411.444957
0.009129,  2411.441002
0.009133,  2411.437049
0.009138,  2411.433098
0.009142,  2411.429148
0.009146,  2411.425199
0.009150,  2411.421252
0.009154,  2411.417307
0.009158,  2411.413363
0.009163,  2411.409420
0.009167,  2411.405479
0.009171,  2411.401540
0.009175,  2411.397601
0.009179,  2411.393665
0.009183,  2411.389729
0.009188,  2411.385796
0.009192,  2411.381863
0.009196,  2411.377933
0.009200,  2411.374003
0.009204,  2411.370075
0.009208,  2411.366149
0.009213,  2411.362224
0.009217,  2411.358300
0.009221,  2411.354378
0.009225,  2411.350457
0.009229,  2411.346538
0.009233,  2411.342620
0.009238,  2411.338704
0.009242,  2411.334789
0.009246,  2411.330876
0.009250,  2411.326964
0.009254,  2411.323053
0.009258,  2411.319144
0.009263,  2411.315237
0.009267,  2411.311330
0.009271,  2411.307426
0.009275,  2411.303522
0.009279,  2411.299621
0.009283,  2411.295720
0.009288,  2411.291821
0.009292,  2411.287923
0.009296,  2411.284027
0.009300,  2411.280133
0.009304,  2411.276239
0.009308,  2411.272347
0.009313,  2411.268457
0.009317,  2411.264568
0.009321,  2411.260680
0.009325,  2411.256794
0.009329,  2411.252909
0.009333,  2411.249026
0.009338,  2411.245144
0.009342,  2411.241264
0.009346,  2411.237385
0.009350,  2411.233507
0.009354,  2411.229631
0.009358,  2411.225756
0.009363,  2411.221882
0.009367,  2411.218010
0.009371,  2411.214140
0.009375,  2411.210271
0.009379,  2411.206403
0.009383,  2411.202536
0.009388,  2411.198671
0.009392,  2411.194808
0.009396,  2411.190946
0.009400,  2411.187085
0.009404,  2411.183225
0.009408,  2411.179368
0.009413,  2411.175511
0.009417,  2411.171656
0.009421,  2411.167802
0.009425,  2411.163949
0.009429,  2411.160098
0.009433,  2411.156249
0.009438,  2411.152401
0.009442,  2411.148554
0.009446,  2411.144708
0.009450,  2411.140864
0.009454,  2411.137021
0.009458,  2411.133180
0.009463,  2411.129340
0.009467,  2411.125502
0.009471,  2411.121664
0.009475,  2411.117829
0.009479,  2411.113994
0.009483,  2411.110161
0.009488,  2411.106330
0.009492,  2411.102499
0.009496,  2411.098670
0.009500,  2411.094843
0.009504,  2411.091017
0.009508,  2411.087192
0.009513,  2411.083368
0.009517,  2411.079546
0.009521,  2411.075725
0.009525,  2411.071906
0.009529,  2411.068088
0.009533,  2411.064271
0.009538,  2411.060456
0.009542,  2411.056642
0.009546,  2411.052830
0.009550,  2411.049018
0.009554,  2411.045209
0.009558,  2411.041400
0.009563,  2411.037593
0.009567,  2411.033787
0.009571,  2411.029983
0.009575,  2411.026180
0.009579,  2411.022378
0.009583,  2411.018578
0.009588,  2411.014779
0.009592,  2411.010981
0.009596,  2411.007184
0.009600,  2411.003389
0.009604,  2410.999596
0.009608,  2410.995803
0.009613,  2410.992012
0.009617,  2410.988223
0.009621,  2410.984434
0.009625,  2410.980647
0.009629,  2410.976862
0.009633,  2410.973078
0.009638,  2410.969295
0.009642,  2410.965513
0.009646,  2410.961733
0.009650,  2410.957954
0.009654,  2410.954176
0.009658,  2410.950400
0.009663,  2410.946625
0.009667,  2410.942851
0.009671,  2410.939078
0.009675,  2410.935307
0.009679,  2410.931538
0.009683,  2410.927769
0.009688,  2410.924002
0.009692,  2410.920236
0.009696,  2410.916472
0.009700,  2410.912709
0.009704,  2410.908947
0.009708,  2410.905187
0.009713,  2410.901427
0.009717,  2410.897669
0.009721,  2410.893913
0.009725,  2410.890158
0.009729,  2410.886404
0.009733,  2410.882651
0.009738,  2410.878900
0.009742,  2410.875150
0.009746,  2410.871401
0.009750,  2410.867653
0.009754,  2410.863907
0.009758,  2410.860163
0.009763,  2410.856419
0.009767,  2410.852677
0.009771,  2410.848936
0.009775,  2410.845196
0.009779,  2410.841458
0.009783,  2410.837721
0.009788,  2410.833985
0.009792,  2410.830251
0.009796,  2410.826517
0.009800,  2410.822785
0.009804,  2410.819055
0.009808,  2410.815325
0.009813,  2410.811597
0.009817,  2410.807871
0.009821,  2410.804145
0.009825,  2410.800421
0.009829,  2410.796698
0.009833,  2410.792977
0.009838,  2410.789256
0.009842,  2410.785537
0.009846,  2410.781819
0.009850,  2410.778103
0.009854,  2410.774388
0.009858,  2410.770674
0.009863,  2410.766961
0.009867,  2410.763250
0.009871,  2410.759539
0.009875,  2410.755831
0.009879,  2410.752123
0.009883,  2410.748417
0.009888,  2410.744712
0.009892,  2410.741008
0.009896,  2410.737305
0.009900,  2410.733604
0.009904,  2410.729904
0.009908,  2410.726205
0.009913,  2410.722508
0.009917,  2410.718811
0.009921,  2410.715116
0.009925,  2410.711423
0.009929,  2410.707730
0.009933,  2410.704039
0.009938,  2410.700349
0.009942,  2410.696660
0.009946,  2410.692973
0.009950,  2410.689287
0.009954,  2410.685602
0.009958,  2410.681918
0.009963,  2410.678236
0.009967,  2410.674554
0.009971,  2410.670874
0.009975,  2410.667196
0.009979,  2410.663518
0.009983,  2410.659842
0.009988,  2410.656167
0.009992,  2410.652493
0.009996,  2410.648821
0.010000,  2410.645150
0.010004,  2410.641480
0.010008,  2410.637811
0.010013,  2410.634143
0.010017,  2410.630477
0.010021,  2410.626812
0.010025,  2410.623148
0.010029,  2410.619485
0.010033,  2410.615824
0.010038,  2410.612164
0.010042,  2410.608505
0.010046,  2410.604847
0.010050,  2410.601191
0.010054,  2410.597535
0.010058,  2410.593881
0.010063,  2410.590229
0.010067,  2410.586577
0.010071,  2410.582927
0.010075,  2410.579277
0.010079,  2410.575630
0.010083,  2410.571983
0.010088,  2410.568337
0.010092,  2410.564693
0.010096,  2410.561050
0.010100,  2410.557408
0.010104,  2410.553768
0.010108,  2410.550128
0.010113,  2410.546490
0.010117,  2410.542853
0.010121,  2410.539217
0.010125,  2410.535583
0.010129,  2410.531949
0.010133,  2410.528317
0.010138,  2410.524686
0.010142,  2410.521056
0.010146,  2410.517428
0.010150,  2410.513801
0.010154,  2410.510174
0.010158,  2410.506550
0.010163,  2410.502926
0.010167,  2410.499303
0.010171,  2410.495682
0.010175,  2410.492062
0.010179,  2410.488443
0.010183,  2410.484825
0.010188,  2410.481209
0.010192,  2410.477593
0.010196,  2410.473979
0.010200,  2410.470366
0.010204,  2410.466754
0.010208,  2410.463144
0.010213,  2410.459534
0.010217,  2410.455926
0.010221,  2410.452319
0.010225,  2410.448713
0.010229,  2410.445109
0.010233,  2410.441505
0.010238,  2410.437903
0.010242,  2410.434302
0.010246,  2410.430702
0.010250,  2410.427103
0.010254,  2410.423505
0.010258,  2410.419909
0.010263,  2410.416314
0.010267,  2410.412720
0.010271,  2410.409127
0.010275,  2410.405535
0.010279,  2410.401945
0.010283,  2410.398355
0.010288,  2410.394767
0.010292,  2410.391180
0.010296,  2410.387594
0.010300,  2410.384010
0.010304,  2410.380426
0.010308,  2410.376844
0.010313,  2410.373263
0.010317,  2410.369683
0.010321,  2410.366104
0.010325,  2410.362526
0.010329,  2410.358950
0.010333,  2410.355374
0.010338,  2410.351800
0.010342,  2410.348227
0.010346,  2410.344655
0.010350,  2410.341085
0.010354,  2410.337515
0.010358,  2410.333947
0.010363,  2410.330379
0.010367,  2410.326813
0.010371,  2410.323248
0.010375,  2410.319685
0.010379,  2410.316122
0.010383,  2410.312560
0.010388,  2410.309000
0.010392,  2410.305441
0.010396,  2410.301883
0.010400,  2410.298326
0.010404,  2410.294770
0.010408,  2410.291216
0.010413,  2410.287662
0.010417,  2410.284110
0.010421,  2410.280559
0.010425,  2410.277009
0.010429,  2410.273460
0.010433,  2410.269912
0.010438,  2410.266366
0.010442,  2410.262820
0.010446,  2410.259276
0.010450,  2410.255733
0.010454,  2410.252190
0.010458,  2410.248650
0.010463,  2410.245110
0.010467,  2410.241571
0.010471,  2410.238034
0.010475,  2410.234497
0.010479,  2410.230962
0.010483,  2410.227428
0.010488,  2410.223895
0.010492,  2410.220363
0.010496,  2410.216832
0.010500,  2410.213303
0.010504,  2410.209774
0.010508,  2410.206247
0.010513,  2410.202720
0.010517,  2410.199195
0.010521,  2410.195671
0.010525,  2410.192148
0.010529,  2410.188627
0.010533,  2410.185106
0.010538,  2410.181586
0.010542,  2410.178068
0.010546,  2410.174551
0.010550,  2410.171034
0.010554,  2410.167519
0.010558,  2410.164005
0.010563,  2410.160493
0.010567,  2410.156981
0.010571,  2410.153470
0.010575,  2410.149961
0.010579,  2410.146452
0.010583,  2410.142945
0.010588,  2410.139439
0.010592,  2410.135934
0.010596,  2410.132430
0.010600,  2410.128927
0.010604,  2410.125425
0.010608,  2410.121924
0.010613,  2410.118425
0.010617,  2410.114926
0.010621,  2410.111429
0.010625,  2410.107933
0.010629,  2410.104438
0.010633,  2410.100944
0.010638,  2410.097451
0.010642,  2410.093959
0.010646,  2410.090468
0.010650,  2410.086978
0.010654,  2410.083490
0.010658,  2410.080002
0.010663,  2410.076516
0.010667,  2410.073030
0.010671,  2410.069546
0.010675,  2410.066063
0.010679,  2410.062581
0.010683,  2410.059100
0.010688,  2410.055620
0.010692,  2410.052141
0.010696,  2410.048664
0.010700,  2410.045187
0.010704,  2410.041712
0.010708,  2410.038237
0.010713,  2410.034764
0.010717,  2410.031292
0.010721,  2410.027820
0.010725,  2410.024350
0.010729,  2410.020881
0.010733,  2410.017413
0.010738,  2410.013946
0.010742,  2410.010481
0.010746,  2410.007016
0.010750,  2410.003552
0.010754,  2410.000090
0.010758,  2409.996628
0.010763,  2409.993168
0.010767,  2409.989708
0.010771,  2409.986250
0.010775,  2409.982793
0.010779,  2409.979337
0.010783,  2409.975882
0.010788,  2409.972428
0.010792,  2409.968975
0.010796,  2409.965523
0.010800,  2409.962072
0.010804,  2409.958622
0.010808,  2409.955173
0.010813,  2409.951726
0.010817,  2409.948279
0.010821,  2409.944834
0.010825,  2409.941389
0.010829,  2409.937946
0.010833,  2409.934504
0.010838,  2409.931062
0.010842,  2409.927622
0.010846,  2409.924183
0.010850,  2409.920745
0.010854,  2409.917308
0.010858,  2409.913872
0.010863,  2409.910437
0.010867,  2409.907003
0.010871,  2409.903570
0.010875,  2409.900138
0.010879,  2409.896708
0.010883,  2409.893278
0.010888,  2409.889849
0.010892,  2409.886422
0.010896,  2409.882995
0.010900,  2409.879570
0.010904,  2409.876145
0.010908,  2409.872722
0.010913,  2409.869299
0.010917,  2409.865878
0.010921,  2409.862458
0.010925,  2409.859039
0.010929,  2409.855620
0.010933,  2409.852203
0.010938,  2409.848787
0.010942,  2409.845372
0.010946,  2409.841958
0.010950,  2409.838545
0.010954,  2409.835133
0.010958,  2409.831722
0.010963,  2409.828312
0.010967,  2409.824903
0.010971,  2409.821496
0.010975,  2409.818089
0.010979,  2409.814683
0.010983,  2409.811278
0.010988,  2409.807875
0.010992,  2409.804472
0.010996,  2409.801070
0.011000,  2409.797670
0.011004,  2409.794270
0.011008,  2409.790872
0.011013,  2409.787474
0.011017,  2409.784078
0.011021,  2409.780682
0.011025,  2409.777288
0.011029,  2409.773894
0.011033,  2409.770502
0.011038,  2409.767110
0.011042,  2409.763720
0.011046,  2409.760331
0.011050,  2409.756942
0.011054,  2409.753555
0.011058,  2409.750169
0.011063,  2409.746783
0.011067,  2409.743399
0.011071,  2409.740016
0.011075,  2409.736634
0.011079,  2409.733252
0.011083,  2409.729872
0.011088,  2409.726493
0.011092,  2409.723115
0.011096,  2409.719738
0.011100,  2409.716361
0.011104,  2409.712986
0.011108,  2409.709612
0.011113,  2409.706239
0.011117,  2409.702867
0.011121,  2409.699496
0.011125,  2409.696126
0.011129,  2409.692756
0.011133,  2409.689388
0.011138,  2409.686021
0.011142,  2409.682655
0.011146,  2409.679290
0.011150,  2409.675926
0.011154,  2409.672563
0.011158,  2409.669201
0.011163,  2409.665840
0.011167,  2409.662479
0.011171,  2409.659120
0.011175,  2409.655762
0.011179,  2409.652405
0.011183,  2409.649049
0.011188,  2409.645694
0.011192,  2409.642340
0.011196,  2409.638987
0.011200,  2409.635634
0.011204,  2409.632283
0.011208,  2409.628933
0.011213,  2409.625584
0.011217,  2409.622236
0.011221,  2409.618888
0.011225,  2409.615542
0.011229,  2409.612197
0.011233,  2409.608853
0.011238,  2409.605509
0.011242,  2409.602167
0.011246,  2409.598826
0.011250,  2409.595486
0.011254,  2409.592146
0.011258,  2409.588808
0.011263,  2409.585471
0.011267,  2409.582134
0.011271,  2409.578799
0.011275,  2409.575464
0.011279,  2409.572131
0.011283,  2409.568799
0.011288,  2409.565467
0.011292,  2409.562137
0.011296,  2409.558807
0.011300,  2409.555478
0.011304,  2409.552151
0.011308,  2409.548824
0.011313,  2409.545499
0.011317,  2409.542174
0.011321,  2409.538850
0.011325,  2409.535528
0.011329,  2409.532206
0.011333,  2409.528885
0.011338,  2409.525565
0.011342,  2409.522246
0.011346,  2409.518929
0.011350,  2409.515612
0.011354,  2409.512296
0.011358,  2409.508981
0.011363,  2409.505667
0.011367,  2409.502354
0.011371,  2409.499042
0.011375,  2409.495731
0.011379,  2409.492420
0.011383,  2409.489111
0.011388,  2409.485803
0.011392,  2409.482496
0.011396,  2409.479189
0.011400,  2409.475884
0.011404,  2409.472580
0.011408,  2409.469276
0.011413,  2409.465974
0.011417,  2409.462672
0.011421,  2409.459372
0.011425,  2409.456072
0.011429,  2409.452773
0.011433,  2409.449476
0.011438,  2409.446179
0.011442,  2409.442883
0.011446,  2409.439588
0.011450,  2409.436294
0.011454,  2409.433001
0.011458,  2409.429709
0.011463,  2409.426418
0.011467,  2409.423128
0.011471,  2409.419839
0.011475,  2409.416551
0.011479,  2409.413264
0.011483,  2409.409977
0.011488,  2409.406692
0.011492,  2409.403407
0.011496,  2409.400124
0.011500,  2409.396841
0.011504,  2409.393560
0.011508,  2409.390279
0.011513,  2409.386999
0.011517,  2409.383721
0.011521,  2409.380443
0.011525,  2409.377166
0.011529,  2409.373890
0.011533,  2409.370615
0.011538,  2409.367341
0.011542,  2409.364068
0.011546,  2409.360796
0.011550,  2409.357524
0.011554,  2409.354254
0.011558,  2409.350984
0.011563,  2409.347716
0.011567,  2409.344448
0.011571,  2409.341182
0.011575,  2409.337916
0.011579,  2409.334651
0.011583,  2409.331388
0.011588,  2409.328125
0.011592,  2409.324863
0.011596,  2409.321602
0.011600,  2409.318342
0.011604,  2409.315082
0.011608,  2409.311824
0.011613,  2409.308567
0.011617,  2409.305310
0.011621,  2409.302055
0.011625,  2409.298800
0.011629,  2409.295547
0.011633,  2409.292294
0.011638,  2409.289042
0.011642,  2409.285791
0.011646,  2409.282541
0.011650,  2409.279292
0.011654,  2409.276044
0.011658,  2409.272797
0.011663,  2409.269551
0.011667,  2409.266305
0.011671,  2409.263061
0.011675,  2409.259817
0.011679,  2409.256575
0.011683,  2409.253333
0.011688,  2409.250092
0.011692,  2409.246852
0.011696,  2409.243613
0.011700,  2409.240375
0.011704,  2409.237138
0.011708,  2409.233902
0.011713,  2409.230667
0.011717,  2409.227432
0.011721,  2409.224199
0.011725,  2409.220966
0.011729,  2409.217734
0.011733,  2409.214504
0.011738,  2409.211274
0.011742,  2409.208045
0.011746,  2409.204817
0.011750,  2409.201589
0.011754,  2409.198363
0.011758,  2409.195138
0.011763,  2409.191913
0.011767,  2409.188690
0.011771,  2409.185467
0.011775,  2409.182245
0.011779,  2409.179025
0.011783,  2409.175805
0.011788,  2409.172586
0.011792,  2409.169367
0.011796,  2409.166150
0.011800,  2409.162934
0.011804,  2409.159718
0.011808,  2409.156504
0.011813,  2409.153290
0.011817,  2409.150077
0.011821,  2409.146865
0.011825,  2409.143654
0.011829,  2409.140444
0.011833,  2409.137235
0.011838,  2409.134027
0.011842,  2409.130819
0.011846,  2409.127613
0.011850,  2409.124407
0.011854,  2409.121202
0.011858,  2409.117998
0.011863,  2409.114795
0.011867,  2409.111593
0.011871,  2409.108392
0.011875,  2409.105192
0.011879,  2409.101992
0.011883,  2409.098794
0.011888,  2409.095596
0.011892,  2409.092399
0.011896,  2409.089203
0.011900,  2409.086008
0.011904,  2409.082814
0.011908,  2409.079621
0.011913,  2409.076429
0.011917,  2409.073237
0.011921,  2409.070047
0.011925,  2409.066857
0.011929,  2409.063668
0.011933,  2409.060480
0.011938,  2409.057293
0.011942,  2409.054107
0.011946,  2409.050921
0.011950,  2409.047737
0.011954,  2409.044553
0.011958,  2409.041370
0.011963,  2409.038189
0.011967,  2409.035008
0.011971,  2409.031828
0.011975,  2409.028648
0.011979,  2409.025470
0.011983,  2409.022292
0.011988,  2409.019116
0.011992,  2409.015940
0.011996,  2409.012765
0.012000,  2409.009591
0.012004,  2409.006418
0.012008,  2409.003246
0.012013,  2409.000074
0.012017,  2408.996904
0.012021,  2408.993734
0.012025,  2408.990565
0.012029,  2408.987397
0.012033,  2408.984230
0.012038,  2408.981064
0.012042,  2408.977899
0.012046,  2408.974734
0.012050,  2408.971570
0.012054,  2408.968408
0.012058,  2408.965246
0.012063,  2408.962085
0.012067,  2408.958924
0.012071,  2408.955765
0.012075,  2408.952606
0.012079,  2408.949449
0.012083,  2408.946292
0.012088,  2408.943136
0.012092,  2408.939981
0.012096,  2408.936827
0.012100,  2408.933674
0.012104,  2408.930521
0.012108,  2408.927369
0.012113,  2408.924219
0.012117,  2408.921069
0.012121,  2408.917920
0.012125,  2408.914771
0.012129,  2408.911624
0.012133,  2408.908477
0.012138,  2408.905332
0.012142,  2408.902187
0.012146,  2408.899043
0.012150,  2408.895900
0.012154,  2408.892757
0.012158,  2408.889616
0.012163,  2408.886475
0.012167,  2408.883336
0.012171,  2408.880197
0.012175,  2408.877059
0.012179,  2408.873921
0.012183,  2408.870785
0.012188,  2408.867649
0.012192,  2408.864515
0.012196,  2408.861381
0.012200,  2408.858248
0.012204,  2408.855116
0.012208,  2408.851984
0.012213,  2408.848854
0.012217,  2408.845724
0.012221,  2408.842595
0.012225,  2408.839467
0.012229,  2408.836340
0.012233,  2408.833214
0.012238,  2408.830088
0.012242,  2408.826964
0.012246,  2408.823840
0.012250,  2408.820717
0.012254,  2408.817595
0.012258,  2408.814473
0.012263,  2408.811353
0.012267,  2408.808233
0.012271,  2408.805115
0.012275,  2408.801997
0.012279,  2408.798879
0.012283,  2408.795763
0.012288,  2408.792648
0.012292,  2408.789533
0.012296,  2408.786419
0.012300,  2408.783306
0.012304,  2408.780194
0.012308,  2408.777083
0.012313,  2408.773972
0.012317,  2408.770862
0.012321,  2408.767753
0.012325,  2408.764645
0.012329,  2408.761538
0.012333,  2408.758432
0.012338,  2408.755326
0.012342,  2408.752221
0.012346,  2408.749118
0.012350,  2408.746014
0.012354,  2408.742912
0.012358,  2408.739811
0.012363,  2408.736710
0.012367,  2408.733610
0.012371,  2408.730511
0.012375,  2408.727413
0.012379,  2408.724316
0.012383,  2408.721219
0.012388,  2408.718123
0.012392,  2408.715028
0.012396,  2408.711934
0.012400,  2408.708841
0.012404,  2408.705748
0.012408,  2408.702657
0.012413,  2408.699566
0.012417,  2408.696476
0.012421,  2408.693387
0.012425,  2408.690298
0.012429,  2408.687211
0.012433,  2408.684124
0.012438,  2408.681038
0.012442,  2408.677953
0.012446,  2408.674868
0.012450,  2408.671785
0.012454,  2408.668702
0.012458,  2408.665620
0.012463,  2408.662539
0.012467,  2408.659459
0.012471,  2408.656379
0.012475,  2408.653300
0.012479,  2408.650222
0.012483,  2408.647145
0.012488,  2408.644069
0.012492,  2408.640994
0.012496,  2408.637919
0.012500,  2408.634845
0.012504,  2408.631772
0.012508,  2408.628700
0.012513,  2408.625628
0.012517,  2408.622557
0.012521,  2408.619488
0.012525,  2408.616418
0.012529,  2408.613350
0.012533,  2408.610283
0.012538,  2408.607216
0.012542,  2408.604150
0.012546,  2408.601085
0.012550,  2408.598021
0.012554,  2408.594957
0.012558,  2408.591895
0.012563,  2408.588833
0.012567,  2408.585771
0.012571,  2408.582711
0.012575,  2408.579652
0.012579,  2408.576593
0.012583,  2408.573535
0.012588,  2408.570478
0.012592,  2408.567421
0.012596,  2408.564366
0.012600,  2408.561311
0.012604,  2408.558257
0.012608,  2408.555204
0.012613,  2408.552151
0.012617,  2408.549100
0.012621,  2408.546049
0.012625,  2408.542999
0.012629,  2408.539950
0.012633,  2408.536901
0.012638,  2408.533854
0.012642,  2408.530807
0.012646,  2408.527761
0.012650,  2408.524715
0.012654,  2408.521671
0.012658,  2408.518627
0.012663,  2408.515584
0.012667,  2408.512542
0.012671,  2408.509500
0.012675,  2408.506460
0.012679,  2408.503420
0.012683,  2408.500381
0.012688,  2408.497342
0.012692,  2408.494305
0.012696,  2408.491268
0.012700,  2408.488232
0.012704,  2408.485197
0.012708,  2408.482163
0.012713,  2408.479129
0.012717,  2408.476096
0.012721,  2408.473064
0.012725,  2408.470033
0.012729,  2408.467002
0.012733,  2408.463972
0.012738,  2408.460943
0.012742,  2408.457915
0.012746,  2408.454888
0.012750,  2408.451861
0.012754,  2408.448835
0.012758,  2408.445810
0.012763,  2408.442786
0.012767,  2408.439762
0.012771,  2408.436739
0.012775,  2408.433717
0.012779,  2408.430696
0.012783,  2408.427676
0.012788,  2408.424656
0.012792,  2408.421637
0.012796,  2408.418619
0.012800,  2408.415601
0.012804,  2408.412585
0.012808,  2408.409569
0.012813,  2408.406554
0.012817,  2408.403539
0.012821,  2408.400526
0.012825,  2408.397513
0.012829,  2408.394501
0.012833,  2408.391490
0.012838,  2408.388479
0.012842,  2408.385469
0.012846,  2408.382460
0.012850,  2408.379452
0.012854,  2408.376444
0.012858,  2408.373438
0.012863,  2408.370432
0.012867,  2408.367427
0.012871,  2408.364422
0.012875,  2408.361418
0.012879,  2408.358415
0.012883,  2408.355413
0.012888,  2408.352412
0.012892,  2408.349411
0.012896,  2408.346411
0.012900,  2408.343412
0.012904,  2408.340414
0.012908,  2408.337416
0.012913,  2408.334419
0.012917,  2408.331423
0.012921,  2408.328428
0.012925,  2408.325433
0.012929,  2408.322439
0.012933,  2408.319446
0.012938,  2408.316454
0.012942,  2408.313462
0.012946,  2408.310471
0.012950,  2408.307481
0.012954,  2408.304492
0.012958,  2408.301503
0.012963,  2408.298515
0.012967,  2408.295528
0.012971,  2408.292542
0.012975,  2408.289556
0.012979,  2408.286571
0.012983,  2408.283587
0.012988,  2408.280603
0.012992,  2408.277621
0.012996,  2408.274639
0.013000,  2408.271658
0.013004,  2408.268677
0.013008,  2408.265698
0.013013,  2408.262719
0.013017,  2408.259741
0.013021,  2408.256763
0.013025,  2408.253786
0.013029,  2408.250810
0.013033,  2408.247835
0.013038,  2408.244861
0.013042,  2408.241887
0.013046,  2408.238914
0.013050,  2408.235942
0.013054,  2408.232970
0.013058,  2408.229999
0.013063,  2408.227029
0.013067,  2408.224060
0.013071,  2408.221091
0.013075,  2408.218124
0.013079,  2408.215156
0.013083,  2408.212190
0.013088,  2408.209224
0.013092,  2408.206260
0.013096,  2408.203295
0.013100,  2408.200332
0.013104,  2408.197369
0.013108,  2408.194407
0.013113,  2408.191446
0.013117,  2408.188486
0.013121,  2408.185526
0.013125,  2408.182567
0.013129,  2408.179608
0.013133,  2408.176651
0.013138,  2408.173694
0.013142,  2408.170738
0.013146,  2408.167783
0.013150,  2408.164828
0.013154,  2408.161874
0.013158,  2408.158921
0.013163,  2408.155968
0.013167,  2408.153016
0.013171,  2408.150065
0.013175,  2408.147115
0.013179,  2408.144166
0.013183,  2408.141217
0.013188,  2408.138269
0.013192,  2408.135321
0.013196,  2408.132375
0.013200,  2408.129429
0.013204,  2408.126483
0.013208,  2408.123539
0.013213,  2408.120595
0.013217,  2408.117652
0.013221,  2408.114710
0.013225,  2408.111768
0.013229,  2408.108827
0.013233,  2408.105887
0.013238,  2408.102947
0.013242,  2408.100009
0.013246,  2408.097071
0.013250,  2408.094133
0.013254,  2408.091197
0.013258,  2408.088261
0.013263,  2408.085326
0.013267,  2408.082391
0.013271,  2408.079458
0.013275,  2408.076525
0.013279,  2408.073592
0.013283,  2408.070661
0.013288,  2408.067730
0.013292,  2408.064800
0.013296,  2408.061870
0.013300,  2408.058941
0.013304,  2408.056013
0.013308,  2408.053086
0.013313,  2408.050159
0.013317,  2408.047234
0.013321,  2408.044308
0.013325,  2408.041384
0.013329,  2408.038460
0.013333,  2408.035537
0.013338,  2408.032615
0.013342,  2408.029693
0.013346,  2408.026772
0.013350,  2408.023852
0.013354,  2408.020933
0.013358,  2408.018014
0.013363,  2408.015096
0.013367,  2408.012178
0.013371,  2408.009262
0.013375,  2408.006346
0.013379,  2408.003430
0.013383,  2408.000516
0.013388,  2407.997602
0.013392,  2407.994689
0.013396,  2407.991776
0.013400,  2407.988865
0.013404,  2407.985954
0.013408,  2407.983043
0.013413,  2407.980134
0.013417,  2407.977225
0.013421,  2407.974316
0.013425,  2407.971409
0.013429,  2407.968502
0.013433,  2407.965596
0.013438,  2407.962690
0.013442,  2407.959786
0.013446,  2407.956882
0.013450,  2407.953978
0.013454,  2407.951076
0.013458,  2407.948174
0.013463,  2407.945272
0.013467,  2407.942372
0.013471,  2407.939472
0.013475,  2407.936573
0.013479,  2407.933674
0.013483,  2407.930776
0.013488,  2407.927879
0.013492,  2407.924983
0.013496,  2407.922087
0.013500,  2407.919192
0.013504,  2407.916298
0.013508,  2407.913404
0.013513,  2407.910511
0.013517,  2407.907619
0.013521,  2407.904728
0.013525,  2407.901837
0.013529,  2407.898947
0.013533,  2407.896057
0.013538,  2407.893168
0.013542,  2407.890280
0.013546,  2407.887393
0.013550,  2407.884506
0.013554,  2407.881620
0.013558,  2407.878735
0.013563,  2407.875850
0.013567,  2407.872966
0.013571,  2407.870083
0.013575,  2407.867200
0.013579,  2407.864318
0.013583,  2407.861437
0.013588,  2407.858556
0.013592,  2407.855676
0.013596,  2407.852797
0.013600,  2407.849919
0.013604,  2407.847041
0.013608,  2407.844164
0.013613,  2407.841287
0.013617,  2407.838412
0.013621,  2407.835536
0.013625,  2407.832662
0.013629,  2407.829788
0.013633,  2407.826915
0.013638,  2407.824043
0.013642,  2407.821171
0.013646,  2407.818300
0.013650,  2407.815430
0.013654,  2407.812560
0.013658,  2407.809691
0.013663,  2407.806823
0.013667,  2407.803955
0.013671,  2407.801088
0.013675,  2407.798222
0.013679,  2407.795356
0.013683,  2407.792492
0.013688,  2407.789627
0.013692,  2407.786764
0.013696,  2407.783901
0.013700,  2407.781039
0.013704,  2407.778177
0.013708,  2407.775316
0.013713,  2407.772456
0.013717,  2407.769596
0.013721,  2407.766737
0.013725,  2407.763879
0.013729,  2407.761022
0.013733,  2407.758165
0.013738,  2407.755309
0.013742,  2407.752453
0.013746,  2407.749598
0.013750,  2407.746744
0.013754,  2407.743891
0.013758,  2407.741038
0.013763,  2407.738186
0.013767,  2407.735334
0.013771,  2407.732483
0.013775,  2407.729633
0.013779,  2407.726784
0.013783,  2407.723935
0.013788,  2407.721087
0.013792,  2407.718239
0.013796,  2407.715392
0.013800,  2407.712546
0.013804,  2407.709701
0.013808,  2407.706856
0.013813,  2407.704012
0.013817,  2407.701168
0.013821,  2407.698325
0.013825,  2407.695483
0.013829,  2407.692641
0.013833,  2407.689801
0.013838,  2407.686960
0.013842,  2407.684121
0.013846,  2407.681282
0.013850,  2407.678444
0.013854,  2407.675606
0.013858,  2407.672769
0.013863,  2407.669933
0.013867,  2407.667097
0.013871,  2407.664262
0.013875,  2407.661428
0.013879,  2407.658595
0.013883,  2407.655762
0.013888,  2407.652929
0.013892,  2407.650098
0.013896,  2407.647267
0.013900,  2407.644436
0.013904,  2407.641607
0.013908,  2407.638778
0.013913,  2407.635949
0.013917,  2407.633121
0.013921,  2407.630294
0.013925,  2407.627468
0.013929,  2407.624642
0.013933,  2407.621817
0.013938,  2407.618993
0.013942,  2407.616169
0.013946,  2407.613346
0.013950,  2407.610523
0.013954,  2407.607701
0.013958,  2407.604880
0.013963,  2407.602060
0.013967,  2407.599240
0.013971,  2407.596420
0.013975,  2407.593602
0.013979,  2407.590784
0.013983,  2407.587966
0.013988,  2407.585150
0.013992,  2407.582334
0.013996,  2407.579518
0.014000,  2407.576704
0.014004,  2407.573890
0.014008,  2407.571076
0.014013,  2407.568263
0.014017,  2407.565451
0.014021,  2407.562640
0.014025,  2407.559829
0.014029,  2407.557019
0.014033,  2407.554209
0.014038,  2407.551400
0.014042,  2407.548592
0.014046,  2407.545784
0.014050,  2407.542977
0.014054,  2407.540171
0.014058,  2407.537365
0.014063,  2407.534560
0.014067,  2407.531756
0.014071,  2407.528952
0.014075,  2407.526149
0.014079,  2407.523346
0.014083,  2407.520544
0.014088,  2407.517743
0.014092,  2407.514943
0.014096,  2407.512143
0.014100,  2407.509343
0.014104,  2407.506545
0.014108,  2407.503747
0.014113,  2407.500949
0.014117,  2407.498152
0.014121,  2407.495356
0.014125,  2407.492561
0.014129,  2407.489766
0.014133,  2407.486972
0.014138,  2407.484178
0.014142,  2407.481385
0.014146,  2407.478593
0.014150,  2407.475801
0.014154,  2407.473010
0.014158,  2407.470220
0.014163,  2407.467430
0.014167,  2407.464641
0.014171,  2407.461852
0.014175,  2407.459064
0.014179,  2407.456277
0.014183,  2407.453490
0.014188,  2407.450704
0.014192,  2407.447919
0.014196,  2407.445134
0.014200,  2407.442350
0.014204,  2407.439567
0.014208,  2407.436784
0.014213,  2407.434002
0.014217,  2407.431220
0.014221,  2407.428439
0.014225,  2407.425659
0.014229,  2407.422879
0.014233,  2407.420100
0.014238,  2407.417322
0.014242,  2407.414544
0.014246,  2407.411766
0.014250,  2407.408990
0.014254,  2407.406214
0.014258,  2407.403439
0.014263,  2407.400664
0.014267,  2407.397890
0.014271,  2407.395116
0.014275,  2407.392343
0.014279,  2407.389571
0.014283,  2407.386800
0.014288,  2407.384029
0.014292,  2407.381258
0.014296,  2407.378489
0.014300,  2407.375719
0.014304,  2407.372951
0.014308,  2407.370183
0.014313,  2407.367416
0.014317,  2407.364649
0.014321,  2407.361883
0.014325,  2407.359118
0.014329,  2407.356353
0.014333,  2407.353589
0.014338,  2407.350825
0.014342,  2407.348062
0.014346,  2407.345300
0.014350,  2407.342538
0.014354,  2407.339777
0.014358,  2407.337017
0.014363,  2407.334257
0.014367,  2407.331498
0.014371,  2407.328739
0.014375,  2407.325981
0.014379,  2407.323224
0.014383,  2407.320467
0.014388,  2407.317711
0.014392,  2407.314956
0.014396,  2407.312201
0.014400,  2407.309446
0.014404,  2407.306693
0.014408,  2407.303940
0.014413,  2407.301187
0.014417,  2407.298435
0.014421,  2407.295684
0.014425,  2407.292933
0.014429,  2407.290183
0.014433,  2407.287434
0.014438,  2407.284685
0.014442,  2407.281937
0.014446,  2407.279189
0.014450,  2407.276442
0.014454,  2407.273696
0.014458,  2407.270950
0.014463,  2407.268205
0.014467,  2407.265461
0.014471,  2407.262717
0.014475,  2407.259973
0.014479,  2407.257231
0.014483,  2407.254488
0.014488,  2407.251747
0.014492,  2407.249006
0.014496,  2407.246266
0.014500,  2407.243526
0.014504,  2407.240787
0.014508,  2407.238048
0.014513,  2407.235311
0.014517,  2407.232573
0.014521,  2407.229837
0.014525,  2407.227101
0.014529,  2407.224365
0.014533,  2407.221630
0.014538,  2407.218896
0.014542,  2407.216162
0.014546,  2407.213429
0.014550,  2407.210697
0.014554,  2407.207965
0.014558,  2407.205234
0.014563,  2407.202503
0.014567,  2407.199773
0.014571,  2407.197044
0.014575,  2407.194315
0.014579,  2407.191586
0.014583,  2407.188859
0.014588,  2407.186132
0.014592,  2407.183405
0.014596,  2407.180679
0.014600,  2407.177954
0.014604,  2407.175229
0.014608,  2407.172505
0.014613,  2407.169782
0.014617,  2407.167059
0.014621,  2407.164337
0.014625,  2407.161615
0.014629,  2407.158894
0.014633,  2407.156173
0.014638,  2407.153453
0.014642,  2407.150734
0.014646,  2407.148015
0.014650,  2407.145297
0.014654,  2407.142580
0.014658,  2407.139863
0.014663,  2407.137146
0.014667,  2407.134431
0.014671,  2407.131716
0.014675,  2407.129001
0.014679,  2407.126287
0.014683,  2407.123574
0.014688,  2407.120861
0.014692,  2407.118149
0.014696,  2407.115437
0.014700,  2407.112726
0.014704,  2407.110016
0.014708,  2407.107306
0.014713,  2407.104596
0.014717,  2407.101888
0.014721,  2407.099180
0.014725,  2407.096472
0.014729,  2407.093765
0.014733,  2407.091059
0.014738,  2407.088353
0.014742,  2407.085648
0.014746,  2407.082943
0.014750,  2407.080239
0.014754,  2407.077536
0.014758,  2407.074833
0.014763,  2407.072131
0.014767,  2407.069429
0.014771,  2407.066728
0.014775,  2407.064028
0.014779,  2407.061328
0.014783,  2407.058629
0.014788,  2407.055930
0.014792,  2407.053232
0.014796,  2407.050534
0.014800,  2407.047837
0.014804,  2407.045141
0.014808,  2407.042445
0.014813,  2407.039750
0.014817,  2407.037055
0.014821,  2407.034361
0.014825,  2407.031668
0.014829,  2407.028975
0.014833,  2407.026282
0.014838,  2407.023591
0.014842,  2407.020899
0.014846,  2407.018209
0.014850,  2407.015519
0.014854,  2407.012829
0.014858,  2407.010141
0.014863,  2407.007452
0.014867,  2407.004765
0.014871,  2407.002077
0.014875,  2406.999391
0.014879,  2406.996705
0.014883,  2406.994020
0.014888,  2406.991335
0.014892,  2406.988650
0.014896,  2406.985967
0.014900,  2406.983284
0.014904,  2406.980601
0.014908,  2406.977919
0.014913,  2406.975238
0.014917,  2406.972557
0.014921,  2406.969877
0.014925,  2406.967197
0.014929,  2406.964518
0.014933,  2406.961840
0.014938,  2406.959162
0.014942,  2406.956484
0.014946,  2406.953807
0.014950,  2406.951131
0.014954,  2406.948456
0.014958,  2406.945781
0.014963,  2406.943106
0.014967,  2406.940432
0.014971,  2406.937759
0.014975,  2406.935086
0.014979,  2406.932414
0.014983,  2406.929742
0.014988,  2406.927071
0.014992,  2406.924400
0.014996,  2406.921730
0.015000,  2406.919061
0.015004,  2406.916392
0.015008,  2406.913724
0.015013,  2406.911056
0.015017,  2406.908389
0.015021,  2406.905723
0.015025,  2406.903057
0.015029,  2406.900391
0.015033,  2406.897726
0.015038,  2406.895062
0.015042,  2406.892398
0.015046,  2406.889735
0.015050,  2406.887072
0.015054,  2406.884410
0.015058,  2406.881749
0.015063,  2406.879088
0.015067,  2406.876428
0.015071,  2406.873768
0.015075,  2406.871109
0.015079,  2406.868450
0.015083,  2406.865792
0.015088,  2406.863134
0.015092,  2406.860477
0.015096,  2406.857821
0.015100,  2406.855165
0.015104,  2406.852510
0.015108,  2406.849855
0.015113,  2406.847201
0.015117,  2406.844547
0.015121,  2406.841894
0.015125,  2406.839242
0.015129,  2406.836590
0.015133,  2406.833938
0.015138,  2406.831288
0.015142,  2406.828637
0.015146,  2406.825988
0.015150,  2406.823338
0.015154,  2406.820690
0.015158,  2406.818042
0.015163,  2406.815394
0.015167,  2406.812747
0.015171,  2406.810101
0.015175,  2406.807455
0.015179,  2406.804810
0.015183,  2406.802165
0.015188,  2406.799521
0.015192,  2406.796877
0.015196,  2406.794234
0.015200,  2406.791592
0.015204,  2406.788950
0.015208,  2406.786309
0.015213,  2406.783668
0.015217,  2406.781027
0.015221,  2406.778388
0.015225,  2406.775749
0.015229,  2406.773110
0.015233,  2406.770472
0.015238,  2406.767834
0.015242,  2406.765197
0.015246,  2406.762561
0.015250,  2406.759925
0.015254,  2406.757290
0.015258,  2406.754655
0.015263,  2406.752021
0.015267,  2406.749387
0.015271,  2406.746754
0.015275,  2406.744121
0.015279,  2406.741489
0.015283,  2406.738858
0.015288,  2406.736227
0.015292,  2406.733597
0.015296,  2406.730967
0.015300,  2406.728337
0.015304,  2406.725709
0.015308,  2406.723081
0.015313,  2406.720453
0.015317,  2406.717826
0.015321,  2406.715199
0.015325,  2406.712573
0.015329,  2406.709948
0.015333,  2406.707323
0.015338,  2406.704698
0.015342,  2406.702075
0.015346,  2406.699451
0.015350,  2406.696829
0.015354,  2406.694206
0.015358,  2406.691585
0.015363,  2406.688964
0.015367,  2406.686343
0.015371,  2406.683723
0.015375,  2406.681103
0.015379,  2406.678484
0.015383,  2406.675866
0.015388,  2406.673248
0.015392,  2406.670631
0.015396,  2406.668014
0.015400,  2406.665398
0.015404,  2406.662782
0.015408,  2406.660167
0.015413,  2406.657552
0.015417,  2406.654938
0.015421,  2406.652325
0.015425,  2406.649712
0.015429,  2406.647099
0.015433,  2406.644487
0.015438,  2406.641876
0.015442,  2406.639265
0.015446,  2406.636655
0.015450,  2406.634045
0.015454,  2406.631436
0.015458,  2406.628827
0.015463,  2406.626219
0.015467,  2406.623611
0.015471,  2406.621004
0.015475,  2406.618397
0.015479,  2406.615791
0.015483,  2406.613186
0.015488,  2406.610581
0.015492,  2406.607976
0.015496,  2406.605373
0.015500,  2406.602769
0.015504,  2406.600166
0.015508,  2406.597564
0.015513,  2406.594962
0.015517,  2406.592361
0.015521,  2406.589760
0.015525,  2406.587160
0.015529,  2406.584561
0.015533,  2406.581961
0.015538,  2406.579363
0.015542,  2406.576765
0.015546,  2406.574167
0.015550,  2406.571570
0.015554,  2406.568974
0.015558,  2406.566378
0.015563,  2406.563783
0.015567,  2406.561188
0.015571,  2406.558593
0.015575,  2406.555999
0.015579,  2406.553406
0.015583,  2406.550813
0.015588,  2406.548221
0.015592,  2406.545630
0.015596,  2406.543038
0.015600,  2406.540448
0.015604,  2406.537858
0.015608,  2406.535268
0.015613,  2406.532679
0.015617,  2406.530090
0.015621,  2406.527502
0.015625,  2406.524915
0.015629,  2406.522328
0.015633,  2406.519742
0.015638,  2406.517156
0.015642,  2406.514570
0.015646,  2406.511985
0.015650,  2406.509401
0.015654,  2406.506817
0.015658,  2406.504234
0.015663,  2406.501651
0.015667,  2406.499069
0.015671,  2406.496487
0.015675,  2406.493906
0.015679,  2406.491325
0.015683,  2406.488745
0.015688,  2406.486166
0.015692,  2406.483587
0.015696,  2406.481008
0.015700,  2406.478430
0.015704,  2406.475852
0.015708,  2406.473275
0.015713,  2406.470699
0.015717,  2406.468123
0.015721,  2406.465547
0.015725,  2406.462972
0.015729,  2406.460398
0.015733,  2406.457824
0.015738,  2406.455251
0.015742,  2406.452678
0.015746,  2406.450106
0.015750,  2406.447534
0.015754,  2406.444962
0.015758,  2406.442392
0.015763,  2406.439821
0.015767,  2406.437252
0.015771,  2406.434682
0.015775,  2406.432114
0.015779,  2406.429545
0.015783,  2406.426978
0.015788,  2406.424410
0.015792,  2406.421844
0.015796,  2406.419278
0.015800,  2406.416712
0.015804,  2406.414147
0.015808,  2406.411582
0.015813,  2406.409018
0.015817,  2406.406455
0.015821,  2406.403892
0.015825,  2406.401329
0.015829,  2406.398767
0.015833,  2406.396205
0.015838,  2406.393644
0.015842,  2406.391084
0.015846,  2406.388524
0.015850,  2406.385964
0.015854,  2406.383405
0.015858,  2406.380847
0.015863,  2406.378289
0.015867,  2406.375732
0.015871,  2406.373175
0.015875,  2406.370618
0.015879,  2406.368062
0.015883,  2406.365507
0.015888,  2406.362952
0.015892,  2406.360398
0.015896,  2406.357844
0.015900,  2406.355290
0.015904,  2406.352738
0.015908,  2406.350185
0.015913,  2406.347633
0.015917,  2406.345082
0.015921,  2406.342531
0.015925,  2406.339981
0.015929,  2406.337431
0.015933,  2406.334882
0.015938,  2406.332333
0.015942,  2406.329785
0.015946,  2406.327237
0.015950,  2406.324690
0.015954,  2406.322143
0.015958,  2406.319597
0.015963,  2406.317051
0.015967,  2406.314506
0.015971,  2406.311961
0.015975,  2406.309417
0.015979,  2406.306873
0.015983,  2406.304330
0.015988,  2406.301787
0.015992,  2406.299245
0.015996,  2406.296703
0.016000,  2406.294162
0.016004,  2406.291621
0.016008,  2406.289081
0.016013,  2406.286541
0.016017,  2406.284002
0.016021,  2406.281463
0.016025,  2406.278925
0.016029,  2406.276387
0.016033,  2406.273850
0.016038,  2406.271313
0.016042,  2406.268777
0.016046,  2406.266242
0.016050,  2406.263706
0.016054,  2406.261172
0.016058,  2406.258637
0.016063,  2406.256104
0.016067,  2406.253571
0.016071,  2406.251038
0.016075,  2406.248506
0.016079,  2406.245974
0.016083,  2406.243443
0.016088,  2406.240912
0.016092,  2406.238382
0.016096,  2406.235852
0.016100,  2406.233323
0.016104,  2406.230794
0.016108,  2406.228266
0.016113,  2406.225738
0.016117,  2406.223211
0.016121,  2406.220684
0.016125,  2406.218158
0.016129,  2406.215632
0.016133,  2406.213107
0.016138,  2406.210582
0.016142,  2406.208058
0.016146,  2406.205534
0.016150,  2406.203011
0.016154,  2406.200488
0.016158,  2406.197966
0.016163,  2406.195444
0.016167,  2406.192923
0.016171,  2406.190402
0.016175,  2406.187881
0.016179,  2406.185362
0.016183,  2406.182842
0.016188,  2406.180323
0.016192,  2406.177805
0.016196,  2406.175287
0.016200,  2406.172770
0.016204,  2406.170253
0.016208,  2406.167737
0.016213,  2406.165221
0.016217,  2406.162705
0.016221,  2406.160190
0.016225,  2406.157676
0.016229,  2406.155162
0.016233,  2406.152649
0.016238,  2406.150136
0.016242,  2406.147623
0.016246,  2406.145111
0.016250,  2406.142600
0.016254,  2406.140089
0.016258,  2406.137578
0.016263,  2406.135068
0.016267,  2406.132559
0.016271,  2406.130049
0.016275,  2406.127541
0.016279,  2406.125033
0.016283,  2406.122525
0.016288,  2406.120018
0.016292,  2406.117512
0.016296,  2406.115005
0.016300,  2406.112500
0.016304,  2406.109995
0.016308,  2406.107490
0.016313,  2406.104986
0.016317,  2406.102482
0.016321,  2406.099979
0.016325,  2406.097476
0.016329,  2406.094974
0.016333,  2406.092472
0.016338,  2406.089971
0.016342,  2406.087470
0.016346,  2406.084970
0.016350,  2406.082470
0.016354,  2406.079970
0.016358,  2406.077472
0.016363,  2406.074973
0.016367,  2406.072475
0.016371,  2406.069978
0.016375,  2406.067481
0.016379,  2406.064984
0.016383,  2406.062488
0.016388,  2406.059993
0.016392,  2406.057498
0.016396,  2406.055003
0.016400,  2406.052509
0.016404,  2406.050016
0.016408,  2406.047523
0.016413,  2406.045030
0.016417,  2406.042538
0.016421,  2406.040046
0.016425,  2406.037555
0.016429,  2406.035064
0.016433,  2406.032574
0.016438,  2406.030084
0.016442,  2406.027595
0.016446,  2406.025106
0.016450,  2406.022618
0.016454,  2406.020130
0.016458,  2406.017643
0.016463,  2406.015156
0.016467,  2406.012669
0.016471,  2406.010183
0.016475,  2406.007698
0.016479,  2406.005213
0.016483,  2406.002728
0.016488,  2406.000244
0.016492,  2405.997761
0.016496,  2405.995278
0.016500,  2405.992795
0.016504,  2405.990313
0.016508,  2405.987831
0.016513,  2405.985350
0.016517,  2405.982870
0.016521,  2405.980389
0.016525,  2405.977910
0.016529,  2405.975430
0.016533,  2405.972951
0.016538,  2405.970473
0.016542,  2405.967995
0.016546,  2405.965518
0.016550,  2405.963041
0.016554,  2405.960564
0.016558,  2405.958088
0.016563,  2405.955613
0.016567,  2405.953138
0.016571,  2405.950663
0.016575,  2405.948189
0.016579,  2405.945716
0.016583,  2405.943242
0.016588,  2405.940770
0.016592,  2405.938297
0.016596,  2405.935826
0.016600,  2405.933354
0.016604,  2405.930884
0.016608,  2405.928413
0.016613,  2405.925943
0.016617,  2405.923474
0.016621,  2405.921005
0.016625,  2405.918537
0.016629,  2405.916069
0.016633,  2405.913601
0.016638,  2405.911134
0.016642,  2405.908667
0.016646,  2405.906201
0.016650,  2405.903736
0.016654,  2405.901270
0.016658,  2405.898806
0.016663,  2405.896341
0.016667,  2405.893878
