# Time,          dR,        dR_adv         dL
0.000000,    0.000000,    0.000000,    0.000000
0.000004,    -0.000000,    0.000000,    -0.000223
0.000008,    -0.000000,    0.000000,    -0.000195
0.000013,    -0.000000,    0.000000,    -0.000144
0.000017,    -0.000000,    0.000000,    -0.000100
0.000021,    -0.000000,    0.000000,    -0.000064
0.000025,    -0.000000,    0.000000,    -0.000035
0.000029,    -0.000001,    0.000000,    -0.000012
0.000033,    -0.000001,    0.000000,    0.000006
0.000038,    -0.000001,    0.000000,    0.000021
0.000042,    -0.000001,    0.000000,    0.000034
0.000046,    -0.000001,    0.000000,    0.000045
0.000050,    -0.000001,    0.000000,    0.000054
0.000054,    -0.000001,    0.000001,    0.000063
0.000058,    -0.000001,    0.000001,    0.000071
0.000063,    -0.000001,    0.000001,    0.000078
0.000067,    -0.000001,    0.000001,    0.000085
0.000071,    -0.000001,    0.000001,    0.000092
0.000075,    -0.000001,    0.000001,    0.000099
0.000079,    -0.000001,    0.000001,    0.000105
0.000083,    -0.000001,    0.000001,    0.000112
0.000088,    -0.000001,    0.000001,    0.000118
0.000092,    -0.000001,    0.000001,    0.000124
0.000096,    -0.000001,    0.000001,    0.000130
0.000100,    -0.000001,    0.000001,    0.000137
0.000104,    -0.000001,    0.000001,    0.000143
0.000108,    -0.000001,    0.000001,    0.000149
0.000113,    -0.000001,    0.000001,    0.000155
0.000117,    -0.000001,    0.000001,    0.000162
0.000121,    -0.000001,    0.000001,    0.000168
0.000125,    -0.000001,    0.000001,    0.000174
0.000129,    -0.000001,    0.000001,    0.000181
0.000133,    -0.000001,    0.000001,    0.000187
0.000138,    -0.000001,    0.000001,    0.000193
0.000142,    -0.000001,    0.000001,    0.000200
0.000146,    -0.000001,    0.000001,    0.000206
0.000150,    -0.000001,    0.000001,    0.000213
0.000154,    -0.000001,    0.000001,    0.000219
0.000158,    -0.000001,    0.000001,    0.000226
0.000163,    -0.000001,    0.000002,    0.000232
0.000167,    -0.000001,    0.000002,    0.000239
0.000171,    -0.000001,    0.000002,    0.000246
0.000175,    -0.000001,    0.000002,    0.000252
0.000179,    -0.000001,    0.000002,    0.000259
0.000183,    -0.000001,    0.000002,    0.000266
0.000188,    -0.000001,    0.000002,    0.000272
0.000192,    -0.000001,    0.000002,    0.000279
0.000196,    -0.000001,    0.000002,    0.000286
0.000200,    -0.000001,    0.000002,    0.000293
0.000204,    -0.000001,    0.000002,    0.000300
0.000208,    -0.000001,    0.000002,    0.000306
0.000213,    -0.000001,    0.000002,    0.000313
0.000217,    -0.000001,    0.000002,    0.000320
0.000221,    -0.000001,    0.000002,    0.000327
0.000225,    -0.000001,    0.000002,    0.000334
0.000229,    -0.000001,    0.000002,    0.000341
0.000233,    -0.000001,    0.000002,    0.000348
0.000238,    -0.000001,    0.000002,    0.000355
0.000242,    -0.000001,    0.000002,    0.000362
0.000246,    -0.000001,    0.000002,    0.000369
0.000250,    -0.000001,    0.000002,    0.000376
0.000254,    -0.000001,    0.000002,    0.000383
0.000258,    -0.000001,    0.000002,    0.000390
0.000263,    -0.000001,    0.000002,    0.000397
0.000267,    -0.000001,    0.000003,    0.000404
0.000271,    -0.000001,    0.000003,    0.000411
0.000275,    -0.000000,    0.000003,    0.000418
0.000279,    -0.000000,    0.000003,    0.000425
0.000283,    -0.000000,    0.000003,    0.000432
0.000288,    -0.000000,    0.000003,    0.000439
0.000292,    -0.000000,    0.000003,    0.000446
0.000296,    -0.000000,    0.000003,    0.000453
0.000300,    -0.000000,    0.000003,    0.000460
0.000304,    -0.000000,    0.000003,    0.000467
0.000308,    -0.000000,    0.000003,    0.000475
0.000313,    -0.000000,    0.000003,    0.000482
0.000317,    -0.000000,    0.000003,    0.000489
0.000321,    -0.000000,    0.000003,    0.000496
0.000325,    0.000000,    0.000003,    0.000503
0.000329,    0.000000,    0.000003,    0.000510
0.000333,    0.000000,    0.000003,    0.000517
0.000338,    0.000000,    0.000003,    0.000524
0.000342,    0.000000,    0.000003,    0.000531
0.000346,    0.000000,    0.000003,    0.000539
0.000350,    0.000000,    0.000003,    0.000546
0.000354,    0.000000,    0.000003,    0.000553
0.000358,    0.000000,    0.000003,    0.000560
0.000363,    0.000000,    0.000003,    0.000567
0.000367,    0.000001,    0.000003,    0.000574
0.000371,    0.000001,    0.000004,    0.000581
0.000375,    0.000001,    0.000004,    0.000589
0.000379,    0.000001,    0.000004,    0.000596
0.000383,    0.000001,    0.000004,    0.000603
0.000388,    0.000001,    0.000004,    0.000610
0.000392,    0.000001,    0.000004,    0.000617
0.000396,    0.000001,    0.000004,    0.000624
0.000400,    0.000001,    0.000004,    0.000631
0.000404,    0.000001,    0.000004,    0.000638
0.000408,    0.000001,    0.000004,    0.000646
0.000413,    0.000001,    0.000004,    0.000653
0.000417,    0.000001,    0.000004,    0.000660
0.000421,    0.000001,    0.000004,    0.000667
0.000425,    0.000001,    0.000004,    0.000674
0.000429,    0.000001,    0.000004,    0.000681
0.000433,    0.000001,    0.000004,    0.000688
0.000438,    0.000002,    0.000004,    0.000695
0.000442,    0.000002,    0.000004,    0.000703
0.000446,    0.000002,    0.000004,    0.000710
0.000450,    0.000002,    0.000004,    0.000717
0.000454,    0.000002,    0.000004,    0.000724
0.000458,    0.000002,    0.000004,    0.000731
0.000463,    0.000002,    0.000004,    0.000738
0.000467,    0.000002,    0.000004,    0.000745
0.000471,    0.000002,    0.000004,    0.000752
0.000475,    0.000002,    0.000005,    0.000759
0.000479,    0.000002,    0.000005,    0.000766
0.000483,    0.000002,    0.000005,    0.000773
0.000488,    0.000002,    0.000005,    0.000780
0.000492,    0.000002,    0.000005,    0.000787
0.000496,    0.000002,    0.000005,    0.000795
0.000500,    0.000002,    0.000005,    0.000802
0.000504,    0.000003,    0.000005,    0.000809
0.000508,    0.000003,    0.000005,    0.000816
0.000513,    0.000003,    0.000005,    0.000823
0.000517,    0.000003,    0.000005,    0.000830
0.000521,    0.000003,    0.000005,    0.000837
0.000525,    0.000003,    0.000005,    0.000844
0.000529,    0.000003,    0.000005,    0.000851
0.000533,    0.000003,    0.000005,    0.000858
0.000538,    0.000003,    0.000005,    0.000865
0.000542,    0.000003,    0.000005,    0.000872
0.000546,    0.000003,    0.000005,    0.000879
0.000550,    0.000003,    0.000005,    0.000886
0.000554,    0.000003,    0.000005,    0.000893
0.000558,    0.000004,    0.000005,    0.000900
0.000563,    0.000004,    0.000005,    0.000907
0.000567,    0.000004,    0.000005,    0.000914
0.000571,    0.000004,    0.000005,    0.000920
0.000575,    0.000004,    0.000006,    0.000927
0.000579,    0.000004,    0.000006,    0.000934
0.000583,    0.000004,    0.000006,    0.000941
0.000588,    0.000004,    0.000006,    0.000948
0.000592,    0.000004,    0.000006,    0.000955
0.000596,    0.000004,    0.000006,    0.000962
0.000600,    0.000004,    0.000006,    0.000969
0.000604,    0.000004,    0.000006,    0.000976
0.000608,    0.000004,    0.000006,    0.000983
0.000613,    0.000004,    0.000006,    0.000990
0.000617,    0.000005,    0.000006,    0.000996
0.000621,    0.000005,    0.000006,    0.001003
0.000625,    0.000005,    0.000006,    0.001010
0.000629,    0.000005,    0.000006,    0.001017
0.000633,    0.000005,    0.000006,    0.001024
0.000638,    0.000005,    0.000006,    0.001031
0.000642,    0.000005,    0.000006,    0.001038
0.000646,    0.000005,    0.000006,    0.001044
0.000650,    0.000005,    0.000006,    0.001051
0.000654,    0.000005,    0.000006,    0.001058
0.000658,    0.000005,    0.000006,    0.001065
0.000663,    0.000005,    0.000006,    0.001072
0.000667,    0.000006,    0.000006,    0.001078
0.000671,    0.000006,    0.000006,    0.001085
0.000675,    0.000006,    0.000006,    0.001092
0.000679,    0.000006,    0.000007,    0.001099
0.000683,    0.000006,    0.000007,    0.001105
0.000688,    0.000006,    0.000007,    0.001112
0.000692,    0.000006,    0.000007,    0.001119
0.000696,    0.000006,    0.000007,    0.001126
0.000700,    0.000006,    0.000007,    0.001132
0.000704,    0.000006,    0.000007,    0.001139
0.000708,    0.000006,    0.000007,    0.001146
0.000713,    0.000006,    0.000007,    0.001153
0.000717,    0.000006,    0.000007,    0.001159
0.000721,    0.000007,    0.000007,    0.001166
0.000725,    0.000007,    0.000007,    0.001173
0.000729,    0.000007,    0.000007,    0.001179
0.000733,    0.000007,    0.000007,    0.001186
0.000738,    0.000007,    0.000007,    0.001193
0.000742,    0.000007,    0.000007,    0.001199
0.000746,    0.000007,    0.000007,    0.001206
0.000750,    0.000007,    0.000007,    0.001213
0.000754,    0.000007,    0.000007,    0.001219
0.000758,    0.000007,    0.000007,    0.001226
0.000763,    0.000007,    0.000007,    0.001232
0.000767,    0.000008,    0.000007,    0.001239
0.000771,    0.000008,    0.000007,    0.001246
0.000775,    0.000008,    0.000007,    0.001252
0.000779,    0.000008,    0.000008,    0.001259
0.000783,    0.000008,    0.000008,    0.001265
0.000788,    0.000008,    0.000008,    0.001272
0.000792,    0.000008,    0.000008,    0.001279
0.000796,    0.000008,    0.000008,    0.001285
0.000800,    0.000008,    0.000008,    0.001292
0.000804,    0.000008,    0.000008,    0.001298
0.000808,    0.000008,    0.000008,    0.001305
0.000813,    0.000008,    0.000008,    0.001311
0.000817,    0.000009,    0.000008,    0.001318
0.000821,    0.000009,    0.000008,    0.001324
0.000825,    0.000009,    0.000008,    0.001331
0.000829,    0.000009,    0.000008,    0.001337
0.000833,    0.000009,    0.000008,    0.001344
0.000838,    0.000009,    0.000008,    0.001350
0.000842,    0.000009,    0.000008,    0.001357
0.000846,    0.000009,    0.000008,    0.001363
0.000850,    0.000009,    0.000008,    0.001370
0.000854,    0.000009,    0.000008,    0.001376
0.000858,    0.000009,    0.000008,    0.001383
0.000863,    0.000009,    0.000008,    0.001389
0.000867,    0.000010,    0.000008,    0.001395
0.000871,    0.000010,    0.000008,    0.001402
0.000875,    0.000010,    0.000008,    0.001408
0.000879,    0.000010,    0.000008,    0.001415
0.000883,    0.000010,    0.000009,    0.001421
0.000888,    0.000010,    0.000009,    0.001427
0.000892,    0.000010,    0.000009,    0.001434
0.000896,    0.000010,    0.000009,    0.001440
0.000900,    0.000010,    0.000009,    0.001447
0.000904,    0.000010,    0.000009,    0.001453
0.000908,    0.000010,    0.000009,    0.001459
0.000913,    0.000011,    0.000009,    0.001466
0.000917,    0.000011,    0.000009,    0.001472
0.000921,    0.000011,    0.000009,    0.001478
0.000925,    0.000011,    0.000009,    0.001485
0.000929,    0.000011,    0.000009,    0.001491
0.000933,    0.000011,    0.000009,    0.001497
0.000938,    0.000011,    0.000009,    0.001503
0.000942,    0.000011,    0.000009,    0.001510
0.000946,    0.000011,    0.000009,    0.001516
0.000950,    0.000011,    0.000009,    0.001522
0.000954,    0.000011,    0.000009,    0.001529
0.000958,    0.000012,    0.000009,    0.001535
0.000963,    0.000012,    0.000009,    0.001541
0.000967,    0.000012,    0.000009,    0.001547
0.000971,    0.000012,    0.000009,    0.001554
0.000975,    0.000012,    0.000009,    0.001560
0.000979,    0.000012,    0.000009,    0.001566
0.000983,    0.000012,    0.000010,    0.001572
0.000988,    0.000012,    0.000010,    0.001578
0.000992,    0.000012,    0.000010,    0.001585
0.000996,    0.000012,    0.000010,    0.001591
0.001000,    0.000012,    0.000010,    0.001597
0.001004,    0.000013,    0.000010,    0.001603
0.001008,    0.000013,    0.000010,    0.001609
0.001013,    0.000013,    0.000010,    0.001616
0.001017,    0.000013,    0.000010,    0.001622
0.001021,    0.000013,    0.000010,    0.001628
0.001025,    0.000013,    0.000010,    0.001634
0.001029,    0.000013,    0.000010,    0.001640
0.001033,    0.000013,    0.000010,    0.001646
0.001038,    0.000013,    0.000010,    0.001652
0.001042,    0.000013,    0.000010,    0.001658
0.001046,    0.000013,    0.000010,    0.001665
0.001050,    0.000014,    0.000010,    0.001671
0.001054,    0.000014,    0.000010,    0.001677
0.001058,    0.000014,    0.000010,    0.001683
0.001063,    0.000014,    0.000010,    0.001689
0.001067,    0.000014,    0.000010,    0.001695
0.001071,    0.000014,    0.000010,    0.001701
0.001075,    0.000014,    0.000010,    0.001707
0.001079,    0.000014,    0.000010,    0.001713
0.001083,    0.000014,    0.000011,    0.001719
0.001088,    0.000014,    0.000011,    0.001725
0.001092,    0.000014,    0.000011,    0.001731
0.001096,    0.000015,    0.000011,    0.001737
0.001100,    0.000015,    0.000011,    0.001743
0.001104,    0.000015,    0.000011,    0.001749
0.001108,    0.000015,    0.000011,    0.001755
0.001113,    0.000015,    0.000011,    0.001761
0.001117,    0.000015,    0.000011,    0.001767
0.001121,    0.000015,    0.000011,    0.001773
0.001125,    0.000015,    0.000011,    0.001779
0.001129,    0.000015,    0.000011,    0.001785
0.001133,    0.000015,    0.000011,    0.001791
0.001138,    0.000015,    0.000011,    0.001797
0.001142,    0.000016,    0.000011,    0.001803
0.001146,    0.000016,    0.000011,    0.001809
0.001150,    0.000016,    0.000011,    0.001815
0.001154,    0.000016,    0.000011,    0.001821
0.001158,    0.000016,    0.000011,    0.001827
0.001163,    0.000016,    0.000011,    0.001833
0.001167,    0.000016,    0.000011,    0.001839
0.001171,    0.000016,    0.000011,    0.001844
0.001175,    0.000016,    0.000011,    0.001850
0.001179,    0.000016,    0.000011,    0.001856
0.001183,    0.000016,    0.000012,    0.001862
0.001188,    0.000017,    0.000012,    0.001868
0.001192,    0.000017,    0.000012,    0.001874
0.001196,    0.000017,    0.000012,    0.001880
0.001200,    0.000017,    0.000012,    0.001885
0.001204,    0.000017,    0.000012,    0.001891
0.001208,    0.000017,    0.000012,    0.001897
0.001213,    0.000017,    0.000012,    0.001903
0.001217,    0.000017,    0.000012,    0.001909
0.001221,    0.000017,    0.000012,    0.001915
0.001225,    0.000017,    0.000012,    0.001920
0.001229,    0.000017,    0.000012,    0.001926
0.001233,    0.000018,    0.000012,    0.001932
0.001238,    0.000018,    0.000012,    0.001938
0.001242,    0.000018,    0.000012,    0.001944
0.001246,    0.000018,    0.000012,    0.001949
0.001250,    0.000018,    0.000012,    0.001955
0.001254,    0.000018,    0.000012,    0.001961
0.001258,    0.000018,    0.000012,    0.001967
0.001263,    0.000018,    0.000012,    0.001972
0.001267,    0.000018,    0.000012,    0.001978
0.001271,    0.000018,    0.000012,    0.001984
0.001275,    0.000019,    0.000012,    0.001990
0.001279,    0.000019,    0.000012,    0.001995
0.001283,    0.000019,    0.000013,    0.002001
0.001288,    0.000019,    0.000013,    0.002007
0.001292,    0.000019,    0.000013,    0.002012
0.001296,    0.000019,    0.000013,    0.002018
0.001300,    0.000019,    0.000013,    0.002024
0.001304,    0.000019,    0.000013,    0.002029
0.001308,    0.000019,    0.000013,    0.002035
0.001313,    0.000019,    0.000013,    0.002041
0.001317,    0.000019,    0.000013,    0.002046
0.001321,    0.000020,    0.000013,    0.002052
0.001325,    0.000020,    0.000013,    0.002058
0.001329,    0.000020,    0.000013,    0.002063
0.001333,    0.000020,    0.000013,    0.002069
0.001338,    0.000020,    0.000013,    0.002075
0.001342,    0.000020,    0.000013,    0.002080
0.001346,    0.000020,    0.000013,    0.002086
0.001350,    0.000020,    0.000013,    0.002091
0.001354,    0.000020,    0.000013,    0.002097
0.001358,    0.000020,    0.000013,    0.002103
0.001363,    0.000020,    0.000013,    0.002108
0.001367,    0.000021,    0.000013,    0.002114
0.001371,    0.000021,    0.000013,    0.002119
0.001375,    0.000021,    0.000013,    0.002125
0.001379,    0.000021,    0.000013,    0.002131
0.001383,    0.000021,    0.000014,    0.002136
0.001388,    0.000021,    0.000014,    0.002142
0.001392,    0.000021,    0.000014,    0.002147
0.001396,    0.000021,    0.000014,    0.002153
0.001400,    0.000021,    0.000014,    0.002158
0.001404,    0.000021,    0.000014,    0.002164
0.001408,    0.000022,    0.000014,    0.002169
0.001413,    0.000022,    0.000014,    0.002175
0.001417,    0.000022,    0.000014,    0.002180
0.001421,    0.000022,    0.000014,    0.002186
0.001425,    0.000022,    0.000014,    0.002191
0.001429,    0.000022,    0.000014,    0.002197
0.001433,    0.000022,    0.000014,    0.002202
0.001438,    0.000022,    0.000014,    0.002208
0.001442,    0.000022,    0.000014,    0.002213
0.001446,    0.000022,    0.000014,    0.002219
0.001450,    0.000022,    0.000014,    0.002224
0.001454,    0.000023,    0.000014,    0.002230
0.001458,    0.000023,    0.000014,    0.002235
0.001463,    0.000023,    0.000014,    0.002241
0.001467,    0.000023,    0.000014,    0.002246
0.001471,    0.000023,    0.000014,    0.002252
0.001475,    0.000023,    0.000014,    0.002257
0.001479,    0.000023,    0.000014,    0.002262
0.001483,    0.000023,    0.000015,    0.002268
0.001488,    0.000023,    0.000015,    0.002273
0.001492,    0.000023,    0.000015,    0.002279
0.001496,    0.000023,    0.000015,    0.002284
0.001500,    0.000024,    0.000015,    0.002289
0.001504,    0.000024,    0.000015,    0.002295
0.001508,    0.000024,    0.000015,    0.002300
0.001513,    0.000024,    0.000015,    0.002306
0.001517,    0.000024,    0.000015,    0.002311
0.001521,    0.000024,    0.000015,    0.002316
0.001525,    0.000024,    0.000015,    0.002322
0.001529,    0.000024,    0.000015,    0.002327
0.001533,    0.000024,    0.000015,    0.002332
0.001538,    0.000024,    0.000015,    0.002338
0.001542,    0.000025,    0.000015,    0.002343
0.001546,    0.000025,    0.000015,    0.002348
0.001550,    0.000025,    0.000015,    0.002354
0.001554,    0.000025,    0.000015,    0.002359
0.001558,    0.000025,    0.000015,    0.002364
0.001563,    0.000025,    0.000015,    0.002370
0.001567,    0.000025,    0.000015,    0.002375
0.001571,    0.000025,    0.000015,    0.002380
0.001575,    0.000025,    0.000015,    0.002386
0.001579,    0.000025,    0.000016,    0.002391
0.001583,    0.000025,    0.000016,    0.002396
0.001588,    0.000026,    0.000016,    0.002401
0.001592,    0.000026,    0.000016,    0.002407
0.001596,    0.000026,    0.000016,    0.002412
0.001600,    0.000026,    0.000016,    0.002417
0.001604,    0.000026,    0.000016,    0.002423
0.001608,    0.000026,    0.000016,    0.002428
0.001613,    0.000026,    0.000016,    0.002433
0.001617,    0.000026,    0.000016,    0.002438
0.001621,    0.000026,    0.000016,    0.002444
0.001625,    0.000026,    0.000016,    0.002449
0.001629,    0.000027,    0.000016,    0.002454
0.001633,    0.000027,    0.000016,    0.002459
0.001638,    0.000027,    0.000016,    0.002464
0.001642,    0.000027,    0.000016,    0.002470
0.001646,    0.000027,    0.000016,    0.002475
0.001650,    0.000027,    0.000016,    0.002480
0.001654,    0.000027,    0.000016,    0.002485
0.001658,    0.000027,    0.000016,    0.002490
0.001663,    0.000027,    0.000016,    0.002496
0.001667,    0.000027,    0.000016,    0.002501
0.001671,    0.000027,    0.000016,    0.002506
0.001675,    0.000028,    0.000017,    0.002511
0.001679,    0.000028,    0.000017,    0.002516
0.001683,    0.000028,    0.000017,    0.002521
0.001688,    0.000028,    0.000017,    0.002527
0.001692,    0.000028,    0.000017,    0.002532
0.001696,    0.000028,    0.000017,    0.002537
0.001700,    0.000028,    0.000017,    0.002542
0.001704,    0.000028,    0.000017,    0.002547
0.001708,    0.000028,    0.000017,    0.002552
0.001713,    0.000028,    0.000017,    0.002557
0.001717,    0.000029,    0.000017,    0.002563
0.001721,    0.000029,    0.000017,    0.002568
0.001725,    0.000029,    0.000017,    0.002573
0.001729,    0.000029,    0.000017,    0.002578
0.001733,    0.000029,    0.000017,    0.002583
0.001738,    0.000029,    0.000017,    0.002588
0.001742,    0.000029,    0.000017,    0.002593
0.001746,    0.000029,    0.000017,    0.002598
0.001750,    0.000029,    0.000017,    0.002603
0.001754,    0.000029,    0.000017,    0.002608
0.001758,    0.000029,    0.000017,    0.002613
0.001763,    0.000030,    0.000017,    0.002618
0.001767,    0.000030,    0.000017,    0.002624
0.001771,    0.000030,    0.000018,    0.002629
0.001775,    0.000030,    0.000018,    0.002634
0.001779,    0.000030,    0.000018,    0.002639
0.001783,    0.000030,    0.000018,    0.002644
0.001788,    0.000030,    0.000018,    0.002649
0.001792,    0.000030,    0.000018,    0.002654
0.001796,    0.000030,    0.000018,    0.002659
0.001800,    0.000030,    0.000018,    0.002664
0.001804,    0.000030,    0.000018,    0.002669
0.001808,    0.000031,    0.000018,    0.002674
0.001813,    0.000031,    0.000018,    0.002679
0.001817,    0.000031,    0.000018,    0.002684
0.001821,    0.000031,    0.000018,    0.002689
0.001825,    0.000031,    0.000018,    0.002694
0.001829,    0.000031,    0.000018,    0.002699
0.001833,    0.000031,    0.000018,    0.002704
0.001838,    0.000031,    0.000018,    0.002709
0.001842,    0.000031,    0.000018,    0.002714
0.001846,    0.000031,    0.000018,    0.002719
0.001850,    0.000032,    0.000018,    0.002724
0.001854,    0.000032,    0.000018,    0.002729
0.001858,    0.000032,    0.000018,    0.002734
0.001863,    0.000032,    0.000018,    0.002739
0.001867,    0.000032,    0.000019,    0.002744
0.001871,    0.000032,    0.000019,    0.002748
0.001875,    0.000032,    0.000019,    0.002753
0.001879,    0.000032,    0.000019,    0.002758
0.001883,    0.000032,    0.000019,    0.002763
0.001888,    0.000032,    0.000019,    0.002768
0.001892,    0.000032,    0.000019,    0.002773
0.001896,    0.000033,    0.000019,    0.002778
0.001900,    0.000033,    0.000019,    0.002783
0.001904,    0.000033,    0.000019,    0.002788
0.001908,    0.000033,    0.000019,    0.002793
0.001913,    0.000033,    0.000019,    0.002798
0.001917,    0.000033,    0.000019,    0.002802
0.001921,    0.000033,    0.000019,    0.002807
0.001925,    0.000033,    0.000019,    0.002812
0.001929,    0.000033,    0.000019,    0.002817
0.001933,    0.000033,    0.000019,    0.002822
0.001938,    0.000034,    0.000019,    0.002827
0.001942,    0.000034,    0.000019,    0.002832
0.001946,    0.000034,    0.000019,    0.002837
0.001950,    0.000034,    0.000019,    0.002841
0.001954,    0.000034,    0.000019,    0.002846
0.001958,    0.000034,    0.000019,    0.002851
0.001963,    0.000034,    0.000020,    0.002856
0.001967,    0.000034,    0.000020,    0.002861
0.001971,    0.000034,    0.000020,    0.002866
0.001975,    0.000034,    0.000020,    0.002870
0.001979,    0.000034,    0.000020,    0.002875
0.001983,    0.000035,    0.000020,    0.002880
0.001988,    0.000035,    0.000020,    0.002885
0.001992,    0.000035,    0.000020,    0.002890
0.001996,    0.000035,    0.000020,    0.002895
0.002000,    0.000035,    0.000020,    0.002899
0.002004,    0.000035,    0.000020,    0.002904
0.002008,    0.000035,    0.000020,    0.002909
0.002013,    0.000035,    0.000020,    0.002914
0.002017,    0.000035,    0.000020,    0.002918
0.002021,    0.000035,    0.000020,    0.002923
0.002025,    0.000036,    0.000020,    0.002928
0.002029,    0.000036,    0.000020,    0.002933
0.002033,    0.000036,    0.000020,    0.002938
0.002038,    0.000036,    0.000020,    0.002942
0.002042,    0.000036,    0.000020,    0.002947
0.002046,    0.000036,    0.000020,    0.002952
0.002050,    0.000036,    0.000020,    0.002957
0.002054,    0.000036,    0.000020,    0.002961
0.002058,    0.000036,    0.000021,    0.002966
0.002063,    0.000036,    0.000021,    0.002971
0.002067,    0.000036,    0.000021,    0.002976
0.002071,    0.000037,    0.000021,    0.002980
0.002075,    0.000037,    0.000021,    0.002985
0.002079,    0.000037,    0.000021,    0.002990
0.002083,    0.000037,    0.000021,    0.002994
0.002088,    0.000037,    0.000021,    0.002999
0.002092,    0.000037,    0.000021,    0.003004
0.002096,    0.000037,    0.000021,    0.003009
0.002100,    0.000037,    0.000021,    0.003013
0.002104,    0.000037,    0.000021,    0.003018
0.002108,    0.000037,    0.000021,    0.003023
0.002113,    0.000038,    0.000021,    0.003027
0.002117,    0.000038,    0.000021,    0.003032
0.002121,    0.000038,    0.000021,    0.003037
0.002125,    0.000038,    0.000021,    0.003041
0.002129,    0.000038,    0.000021,    0.003046
0.002133,    0.000038,    0.000021,    0.003051
0.002138,    0.000038,    0.000021,    0.003055
0.002142,    0.000038,    0.000021,    0.003060
0.002146,    0.000038,    0.000021,    0.003065
0.002150,    0.000038,    0.000022,    0.003069
0.002154,    0.000038,    0.000022,    0.003074
0.002158,    0.000039,    0.000022,    0.003079
0.002163,    0.000039,    0.000022,    0.003083
0.002167,    0.000039,    0.000022,    0.003088
0.002171,    0.000039,    0.000022,    0.003093
0.002175,    0.000039,    0.000022,    0.003097
0.002179,    0.000039,    0.000022,    0.003102
0.002183,    0.000039,    0.000022,    0.003106
0.002188,    0.000039,    0.000022,    0.003111
0.002192,    0.000039,    0.000022,    0.003116
0.002196,    0.000039,    0.000022,    0.003120
0.002200,    0.000039,    0.000022,    0.003125
0.002204,    0.000040,    0.000022,    0.003129
0.002208,    0.000040,    0.000022,    0.003134
0.002213,    0.000040,    0.000022,    0.003139
0.002217,    0.000040,    0.000022,    0.003143
0.002221,    0.000040,    0.000022,    0.003148
0.002225,    0.000040,    0.000022,    0.003152
0.002229,    0.000040,    0.000022,    0.003157
0.002233,    0.000040,    0.000022,    0.003162
0.002238,    0.000040,    0.000022,    0.003166
0.002242,    0.000040,    0.000022,    0.003171
0.002246,    0.000041,    0.000023,    0.003175
0.002250,    0.000041,    0.000023,    0.003180
0.002254,    0.000041,    0.000023,    0.003184
0.002258,    0.000041,    0.000023,    0.003189
0.002263,    0.000041,    0.000023,    0.003193
0.002267,    0.000041,    0.000023,    0.003198
0.002271,    0.000041,    0.000023,    0.003202
0.002275,    0.000041,    0.000023,    0.003207
0.002279,    0.000041,    0.000023,    0.003212
0.002283,    0.000041,    0.000023,    0.003216
0.002288,    0.000041,    0.000023,    0.003221
0.002292,    0.000042,    0.000023,    0.003225
0.002296,    0.000042,    0.000023,    0.003230
0.002300,    0.000042,    0.000023,    0.003234
0.002304,    0.000042,    0.000023,    0.003239
0.002308,    0.000042,    0.000023,    0.003243
0.002313,    0.000042,    0.000023,    0.003248
0.002317,    0.000042,    0.000023,    0.003252
0.002321,    0.000042,    0.000023,    0.003257
0.002325,    0.000042,    0.000023,    0.003261
0.002329,    0.000042,    0.000023,    0.003266
0.002333,    0.000043,    0.000023,    0.003270
0.002338,    0.000043,    0.000024,    0.003275
0.002342,    0.000043,    0.000024,    0.003279
0.002346,    0.000043,    0.000024,    0.003284
0.002350,    0.000043,    0.000024,    0.003288
0.002354,    0.000043,    0.000024,    0.003292
0.002358,    0.000043,    0.000024,    0.003297
0.002363,    0.000043,    0.000024,    0.003301
0.002367,    0.000043,    0.000024,    0.003306
0.002371,    0.000043,    0.000024,    0.003310
0.002375,    0.000043,    0.000024,    0.003315
0.002379,    0.000044,    0.000024,    0.003319
0.002383,    0.000044,    0.000024,    0.003324
0.002388,    0.000044,    0.000024,    0.003328
0.002392,    0.000044,    0.000024,    0.003332
0.002396,    0.000044,    0.000024,    0.003337
0.002400,    0.000044,    0.000024,    0.003341
0.002404,    0.000044,    0.000024,    0.003346
0.002408,    0.000044,    0.000024,    0.003350
0.002413,    0.000044,    0.000024,    0.003355
0.002417,    0.000044,    0.000024,    0.003359
0.002421,    0.000045,    0.000024,    0.003363
0.002425,    0.000045,    0.000024,    0.003368
0.002429,    0.000045,    0.000025,    0.003372
0.002433,    0.000045,    0.000025,    0.003377
0.002438,    0.000045,    0.000025,    0.003381
0.002442,    0.000045,    0.000025,    0.003385
0.002446,    0.000045,    0.000025,    0.003390
0.002450,    0.000045,    0.000025,    0.003394
0.002454,    0.000045,    0.000025,    0.003398
0.002458,    0.000045,    0.000025,    0.003403
0.002463,    0.000045,    0.000025,    0.003407
0.002467,    0.000046,    0.000025,    0.003412
0.002471,    0.000046,    0.000025,    0.003416
0.002475,    0.000046,    0.000025,    0.003420
0.002479,    0.000046,    0.000025,    0.003425
0.002483,    0.000046,    0.000025,    0.003429
0.002488,    0.000046,    0.000025,    0.003433
0.002492,    0.000046,    0.000025,    0.003438
0.002496,    0.000046,    0.000025,    0.003442
0.002500,    0.000046,    0.000025,    0.003446
0.002504,    0.000046,    0.000025,    0.003451
0.002508,    0.000047,    0.000025,    0.003455
0.002513,    0.000047,    0.000025,    0.003459
0.002517,    0.000047,    0.000026,    0.003464
0.002521,    0.000047,    0.000026,    0.003468
0.002525,    0.000047,    0.000026,    0.003472
0.002529,    0.000047,    0.000026,    0.003477
0.002533,    0.000047,    0.000026,    0.003481
0.002538,    0.000047,    0.000026,    0.003485
0.002542,    0.000047,    0.000026,    0.003490
0.002546,    0.000047,    0.000026,    0.003494
0.002550,    0.000047,    0.000026,    0.003498
0.002554,    0.000048,    0.000026,    0.003502
0.002558,    0.000048,    0.000026,    0.003507
0.002563,    0.000048,    0.000026,    0.003511
0.002567,    0.000048,    0.000026,    0.003515
0.002571,    0.000048,    0.000026,    0.003520
0.002575,    0.000048,    0.000026,    0.003524
0.002579,    0.000048,    0.000026,    0.003528
0.002583,    0.000048,    0.000026,    0.003532
0.002588,    0.000048,    0.000026,    0.003537
0.002592,    0.000048,    0.000026,    0.003541
0.002596,    0.000049,    0.000026,    0.003545
0.002600,    0.000049,    0.000026,    0.003549
0.002604,    0.000049,    0.000026,    0.003554
0.002608,    0.000049,    0.000027,    0.003558
0.002613,    0.000049,    0.000027,    0.003562
0.002617,    0.000049,    0.000027,    0.003566
0.002621,    0.000049,    0.000027,    0.003571
0.002625,    0.000049,    0.000027,    0.003575
0.002629,    0.000049,    0.000027,    0.003579
0.002633,    0.000049,    0.000027,    0.003583
0.002638,    0.000049,    0.000027,    0.003588
0.002642,    0.000050,    0.000027,    0.003592
0.002646,    0.000050,    0.000027,    0.003596
0.002650,    0.000050,    0.000027,    0.003600
0.002654,    0.000050,    0.000027,    0.003605
0.002658,    0.000050,    0.000027,    0.003609
0.002663,    0.000050,    0.000027,    0.003613
0.002667,    0.000050,    0.000027,    0.003617
0.002671,    0.000050,    0.000027,    0.003621
0.002675,    0.000050,    0.000027,    0.003626
0.002679,    0.000050,    0.000027,    0.003630
0.002683,    0.000050,    0.000027,    0.003634
0.002688,    0.000051,    0.000027,    0.003638
0.002692,    0.000051,    0.000027,    0.003642
0.002696,    0.000051,    0.000027,    0.003647
0.002700,    0.000051,    0.000028,    0.003651
0.002704,    0.000051,    0.000028,    0.003655
0.002708,    0.000051,    0.000028,    0.003659
0.002713,    0.000051,    0.000028,    0.003663
0.002717,    0.000051,    0.000028,    0.003667
0.002721,    0.000051,    0.000028,    0.003672
0.002725,    0.000051,    0.000028,    0.003676
0.002729,    0.000052,    0.000028,    0.003680
0.002733,    0.000052,    0.000028,    0.003684
0.002738,    0.000052,    0.000028,    0.003688
0.002742,    0.000052,    0.000028,    0.003692
0.002746,    0.000052,    0.000028,    0.003696
0.002750,    0.000052,    0.000028,    0.003701
0.002754,    0.000052,    0.000028,    0.003705
0.002758,    0.000052,    0.000028,    0.003709
0.002763,    0.000052,    0.000028,    0.003713
0.002767,    0.000052,    0.000028,    0.003717
0.002771,    0.000052,    0.000028,    0.003721
0.002775,    0.000053,    0.000028,    0.003725
0.002779,    0.000053,    0.000028,    0.003730
0.002783,    0.000053,    0.000028,    0.003734
0.002788,    0.000053,    0.000029,    0.003738
0.002792,    0.000053,    0.000029,    0.003742
0.002796,    0.000053,    0.000029,    0.003746
0.002800,    0.000053,    0.000029,    0.003750
0.002804,    0.000053,    0.000029,    0.003754
0.002808,    0.000053,    0.000029,    0.003758
0.002813,    0.000053,    0.000029,    0.003762
0.002817,    0.000054,    0.000029,    0.003766
0.002821,    0.000054,    0.000029,    0.003771
0.002825,    0.000054,    0.000029,    0.003775
0.002829,    0.000054,    0.000029,    0.003779
0.002833,    0.000054,    0.000029,    0.003783
0.002838,    0.000054,    0.000029,    0.003787
0.002842,    0.000054,    0.000029,    0.003791
0.002846,    0.000054,    0.000029,    0.003795
0.002850,    0.000054,    0.000029,    0.003799
0.002854,    0.000054,    0.000029,    0.003803
0.002858,    0.000054,    0.000029,    0.003807
0.002863,    0.000055,    0.000029,    0.003811
0.002867,    0.000055,    0.000029,    0.003815
0.002871,    0.000055,    0.000029,    0.003819
0.002875,    0.000055,    0.000030,    0.003823
0.002879,    0.000055,    0.000030,    0.003828
0.002883,    0.000055,    0.000030,    0.003832
0.002888,    0.000055,    0.000030,    0.003836
0.002892,    0.000055,    0.000030,    0.003840
0.002896,    0.000055,    0.000030,    0.003844
0.002900,    0.000055,    0.000030,    0.003848
0.002904,    0.000056,    0.000030,    0.003852
0.002908,    0.000056,    0.000030,    0.003856
0.002913,    0.000056,    0.000030,    0.003860
0.002917,    0.000056,    0.000030,    0.003864
0.002921,    0.000056,    0.000030,    0.003868
0.002925,    0.000056,    0.000030,    0.003872
0.002929,    0.000056,    0.000030,    0.003876
0.002933,    0.000056,    0.000030,    0.003880
0.002938,    0.000056,    0.000030,    0.003884
0.002942,    0.000056,    0.000030,    0.003888
0.002946,    0.000056,    0.000030,    0.003892
0.002950,    0.000057,    0.000030,    0.003896
0.002954,    0.000057,    0.000030,    0.003900
0.002958,    0.000057,    0.000030,    0.003904
0.002963,    0.000057,    0.000031,    0.003908
0.002967,    0.000057,    0.000031,    0.003912
0.002971,    0.000057,    0.000031,    0.003916
0.002975,    0.000057,    0.000031,    0.003920
0.002979,    0.000057,    0.000031,    0.003924
0.002983,    0.000057,    0.000031,    0.003928
0.002988,    0.000057,    0.000031,    0.003932
0.002992,    0.000058,    0.000031,    0.003936
0.002996,    0.000058,    0.000031,    0.003940
0.003000,    0.000058,    0.000031,    0.003944
0.003004,    0.000058,    0.000031,    0.003948
0.003008,    0.000058,    0.000031,    0.003952
0.003013,    0.000058,    0.000031,    0.003955
0.003017,    0.000058,    0.000031,    0.003959
0.003021,    0.000058,    0.000031,    0.003963
0.003025,    0.000058,    0.000031,    0.003967
0.003029,    0.000058,    0.000031,    0.003971
0.003033,    0.000058,    0.000031,    0.003975
0.003038,    0.000059,    0.000031,    0.003979
0.003042,    0.000059,    0.000031,    0.003983
0.003046,    0.000059,    0.000031,    0.003987
0.003050,    0.000059,    0.000032,    0.003991
0.003054,    0.000059,    0.000032,    0.003995
0.003058,    0.000059,    0.000032,    0.003999
0.003063,    0.000059,    0.000032,    0.004003
0.003067,    0.000059,    0.000032,    0.004007
0.003071,    0.000059,    0.000032,    0.004011
0.003075,    0.000059,    0.000032,    0.004014
0.003079,    0.000060,    0.000032,    0.004018
0.003083,    0.000060,    0.000032,    0.004022
0.003088,    0.000060,    0.000032,    0.004026
0.003092,    0.000060,    0.000032,    0.004030
0.003096,    0.000060,    0.000032,    0.004034
0.003100,    0.000060,    0.000032,    0.004038
0.003104,    0.000060,    0.000032,    0.004042
0.003108,    0.000060,    0.000032,    0.004046
0.003113,    0.000060,    0.000032,    0.004050
0.003117,    0.000060,    0.000032,    0.004053
0.003121,    0.000060,    0.000032,    0.004057
0.003125,    0.000061,    0.000032,    0.004061
0.003129,    0.000061,    0.000032,    0.004065
0.003133,    0.000061,    0.000033,    0.004069
0.003138,    0.000061,    0.000033,    0.004073
0.003142,    0.000061,    0.000033,    0.004077
0.003146,    0.000061,    0.000033,    0.004081
0.003150,    0.000061,    0.000033,    0.004084
0.003154,    0.000061,    0.000033,    0.004088
0.003158,    0.000061,    0.000033,    0.004092
0.003163,    0.000061,    0.000033,    0.004096
0.003167,    0.000062,    0.000033,    0.004100
0.003171,    0.000062,    0.000033,    0.004104
0.003175,    0.000062,    0.000033,    0.004108
0.003179,    0.000062,    0.000033,    0.004111
0.003183,    0.000062,    0.000033,    0.004115
0.003188,    0.000062,    0.000033,    0.004119
0.003192,    0.000062,    0.000033,    0.004123
0.003196,    0.000062,    0.000033,    0.004127
0.003200,    0.000062,    0.000033,    0.004131
0.003204,    0.000062,    0.000033,    0.004134
0.003208,    0.000062,    0.000033,    0.004138
0.003213,    0.000063,    0.000033,    0.004142
0.003217,    0.000063,    0.000033,    0.004146
0.003221,    0.000063,    0.000034,    0.004150
0.003225,    0.000063,    0.000034,    0.004153
0.003229,    0.000063,    0.000034,    0.004157
0.003233,    0.000063,    0.000034,    0.004161
0.003238,    0.000063,    0.000034,    0.004165
0.003242,    0.000063,    0.000034,    0.004169
0.003246,    0.000063,    0.000034,    0.004172
0.003250,    0.000063,    0.000034,    0.004176
0.003254,    0.000064,    0.000034,    0.004180
0.003258,    0.000064,    0.000034,    0.004184
0.003263,    0.000064,    0.000034,    0.004188
0.003267,    0.000064,    0.000034,    0.004191
0.003271,    0.000064,    0.000034,    0.004195
0.003275,    0.000064,    0.000034,    0.004199
0.003279,    0.000064,    0.000034,    0.004203
0.003283,    0.000064,    0.000034,    0.004207
0.003288,    0.000064,    0.000034,    0.004210
0.003292,    0.000064,    0.000034,    0.004214
0.003296,    0.000065,    0.000034,    0.004218
0.003300,    0.000065,    0.000034,    0.004222
0.003304,    0.000065,    0.000035,    0.004225
0.003308,    0.000065,    0.000035,    0.004229
0.003313,    0.000065,    0.000035,    0.004233
0.003317,    0.000065,    0.000035,    0.004237
0.003321,    0.000065,    0.000035,    0.004240
0.003325,    0.000065,    0.000035,    0.004244
0.003329,    0.000065,    0.000035,    0.004248
0.003333,    0.000065,    0.000035,    0.004252
0.003338,    0.000065,    0.000035,    0.004255
0.003342,    0.000066,    0.000035,    0.004259
0.003346,    0.000066,    0.000035,    0.004263
0.003350,    0.000066,    0.000035,    0.004267
0.003354,    0.000066,    0.000035,    0.004270
0.003358,    0.000066,    0.000035,    0.004274
0.003363,    0.000066,    0.000035,    0.004278
0.003367,    0.000066,    0.000035,    0.004282
0.003371,    0.000066,    0.000035,    0.004285
0.003375,    0.000066,    0.000035,    0.004289
0.003379,    0.000066,    0.000035,    0.004293
0.003383,    0.000067,    0.000035,    0.004296
0.003388,    0.000067,    0.000035,    0.004300
0.003392,    0.000067,    0.000036,    0.004304
0.003396,    0.000067,    0.000036,    0.004308
0.003400,    0.000067,    0.000036,    0.004311
0.003404,    0.000067,    0.000036,    0.004315
0.003408,    0.000067,    0.000036,    0.004319
0.003413,    0.000067,    0.000036,    0.004322
0.003417,    0.000067,    0.000036,    0.004326
0.003421,    0.000067,    0.000036,    0.004330
0.003425,    0.000067,    0.000036,    0.004333
0.003429,    0.000068,    0.000036,    0.004337
0.003433,    0.000068,    0.000036,    0.004341
0.003438,    0.000068,    0.000036,    0.004345
0.003442,    0.000068,    0.000036,    0.004348
0.003446,    0.000068,    0.000036,    0.004352
0.003450,    0.000068,    0.000036,    0.004356
0.003454,    0.000068,    0.000036,    0.004359
0.003458,    0.000068,    0.000036,    0.004363
0.003463,    0.000068,    0.000036,    0.004367
0.003467,    0.000068,    0.000036,    0.004370
0.003471,    0.000069,    0.000036,    0.004374
0.003475,    0.000069,    0.000037,    0.004378
0.003479,    0.000069,    0.000037,    0.004381
0.003483,    0.000069,    0.000037,    0.004385
0.003488,    0.000069,    0.000037,    0.004389
0.003492,    0.000069,    0.000037,    0.004392
0.003496,    0.000069,    0.000037,    0.004396
0.003500,    0.000069,    0.000037,    0.004399
0.003504,    0.000069,    0.000037,    0.004403
0.003508,    0.000069,    0.000037,    0.004407
0.003513,    0.000069,    0.000037,    0.004410
0.003517,    0.000070,    0.000037,    0.004414
0.003521,    0.000070,    0.000037,    0.004418
0.003525,    0.000070,    0.000037,    0.004421
0.003529,    0.000070,    0.000037,    0.004425
0.003533,    0.000070,    0.000037,    0.004429
0.003538,    0.000070,    0.000037,    0.004432
0.003542,    0.000070,    0.000037,    0.004436
0.003546,    0.000070,    0.000037,    0.004439
0.003550,    0.000070,    0.000037,    0.004443
0.003554,    0.000070,    0.000037,    0.004447
0.003558,    0.000071,    0.000038,    0.004450
0.003563,    0.000071,    0.000038,    0.004454
0.003567,    0.000071,    0.000038,    0.004457
0.003571,    0.000071,    0.000038,    0.004461
0.003575,    0.000071,    0.000038,    0.004465
0.003579,    0.000071,    0.000038,    0.004468
0.003583,    0.000071,    0.000038,    0.004472
0.003588,    0.000071,    0.000038,    0.004475
0.003592,    0.000071,    0.000038,    0.004479
0.003596,    0.000071,    0.000038,    0.004483
0.003600,    0.000071,    0.000038,    0.004486
0.003604,    0.000072,    0.000038,    0.004490
0.003608,    0.000072,    0.000038,    0.004493
0.003613,    0.000072,    0.000038,    0.004497
0.003617,    0.000072,    0.000038,    0.004501
0.003621,    0.000072,    0.000038,    0.004504
0.003625,    0.000072,    0.000038,    0.004508
0.003629,    0.000072,    0.000038,    0.004511
0.003633,    0.000072,    0.000038,    0.004515
0.003638,    0.000072,    0.000038,    0.004518
0.003642,    0.000072,    0.000039,    0.004522
0.003646,    0.000073,    0.000039,    0.004526
0.003650,    0.000073,    0.000039,    0.004529
0.003654,    0.000073,    0.000039,    0.004533
0.003658,    0.000073,    0.000039,    0.004536
0.003663,    0.000073,    0.000039,    0.004540
0.003667,    0.000073,    0.000039,    0.004543
0.003671,    0.000073,    0.000039,    0.004547
0.003675,    0.000073,    0.000039,    0.004550
0.003679,    0.000073,    0.000039,    0.004554
0.003683,    0.000073,    0.000039,    0.004557
0.003688,    0.000074,    0.000039,    0.004561
0.003692,    0.000074,    0.000039,    0.004565
0.003696,    0.000074,    0.000039,    0.004568
0.003700,    0.000074,    0.000039,    0.004572
0.003704,    0.000074,    0.000039,    0.004575
0.003708,    0.000074,    0.000039,    0.004579
0.003713,    0.000074,    0.000039,    0.004582
0.003717,    0.000074,    0.000039,    0.004586
0.003721,    0.000074,    0.000040,    0.004589
0.003725,    0.000074,    0.000040,    0.004593
0.003729,    0.000074,    0.000040,    0.004596
0.003733,    0.000075,    0.000040,    0.004600
0.003738,    0.000075,    0.000040,    0.004603
0.003742,    0.000075,    0.000040,    0.004607
0.003746,    0.000075,    0.000040,    0.004610
0.003750,    0.000075,    0.000040,    0.004614
0.003754,    0.000075,    0.000040,    0.004617
0.003758,    0.000075,    0.000040,    0.004621
0.003763,    0.000075,    0.000040,    0.004624
0.003767,    0.000075,    0.000040,    0.004628
0.003771,    0.000075,    0.000040,    0.004631
0.003775,    0.000076,    0.000040,    0.004635
0.003779,    0.000076,    0.000040,    0.004638
0.003783,    0.000076,    0.000040,    0.004642
0.003788,    0.000076,    0.000040,    0.004645
0.003792,    0.000076,    0.000040,    0.004649
0.003796,    0.000076,    0.000040,    0.004652
0.003800,    0.000076,    0.000040,    0.004656
0.003804,    0.000076,    0.000041,    0.004659
0.003808,    0.000076,    0.000041,    0.004663
0.003813,    0.000076,    0.000041,    0.004666
0.003817,    0.000076,    0.000041,    0.004669
0.003821,    0.000077,    0.000041,    0.004673
0.003825,    0.000077,    0.000041,    0.004676
0.003829,    0.000077,    0.000041,    0.004680
0.003833,    0.000077,    0.000041,    0.004683
0.003838,    0.000077,    0.000041,    0.004687
0.003842,    0.000077,    0.000041,    0.004690
0.003846,    0.000077,    0.000041,    0.004694
0.003850,    0.000077,    0.000041,    0.004697
0.003854,    0.000077,    0.000041,    0.004701
0.003858,    0.000077,    0.000041,    0.004704
0.003863,    0.000078,    0.000041,    0.004707
0.003867,    0.000078,    0.000041,    0.004711
0.003871,    0.000078,    0.000041,    0.004714
0.003875,    0.000078,    0.000041,    0.004718
0.003879,    0.000078,    0.000041,    0.004721
0.003883,    0.000078,    0.000042,    0.004725
0.003888,    0.000078,    0.000042,    0.004728
0.003892,    0.000078,    0.000042,    0.004732
0.003896,    0.000078,    0.000042,    0.004735
0.003900,    0.000078,    0.000042,    0.004738
0.003904,    0.000079,    0.000042,    0.004742
0.003908,    0.000079,    0.000042,    0.004745
0.003913,    0.000079,    0.000042,    0.004749
0.003917,    0.000079,    0.000042,    0.004752
0.003921,    0.000079,    0.000042,    0.004755
0.003925,    0.000079,    0.000042,    0.004759
0.003929,    0.000079,    0.000042,    0.004762
0.003933,    0.000079,    0.000042,    0.004766
0.003938,    0.000079,    0.000042,    0.004769
0.003942,    0.000079,    0.000042,    0.004772
0.003946,    0.000079,    0.000042,    0.004776
0.003950,    0.000080,    0.000042,    0.004779
0.003954,    0.000080,    0.000042,    0.004783
0.003958,    0.000080,    0.000042,    0.004786
0.003963,    0.000080,    0.000043,    0.004789
0.003967,    0.000080,    0.000043,    0.004793
0.003971,    0.000080,    0.000043,    0.004796
0.003975,    0.000080,    0.000043,    0.004800
0.003979,    0.000080,    0.000043,    0.004803
0.003983,    0.000080,    0.000043,    0.004806
0.003988,    0.000080,    0.000043,    0.004810
0.003992,    0.000081,    0.000043,    0.004813
0.003996,    0.000081,    0.000043,    0.004816
0.004000,    0.000081,    0.000043,    0.004820
0.004004,    0.000081,    0.000043,    0.004823
0.004008,    0.000081,    0.000043,    0.004827
0.004013,    0.000081,    0.000043,    0.004830
0.004017,    0.000081,    0.000043,    0.004833
0.004021,    0.000081,    0.000043,    0.004837
0.004025,    0.000081,    0.000043,    0.004840
0.004029,    0.000081,    0.000043,    0.004843
0.004033,    0.000082,    0.000043,    0.004847
0.004038,    0.000082,    0.000043,    0.004850
0.004042,    0.000082,    0.000043,    0.004853
0.004046,    0.000082,    0.000044,    0.004857
0.004050,    0.000082,    0.000044,    0.004860
0.004054,    0.000082,    0.000044,    0.004863
0.004058,    0.000082,    0.000044,    0.004867
0.004063,    0.000082,    0.000044,    0.004870
0.004067,    0.000082,    0.000044,    0.004873
0.004071,    0.000082,    0.000044,    0.004877
0.004075,    0.000082,    0.000044,    0.004880
0.004079,    0.000083,    0.000044,    0.004883
0.004083,    0.000083,    0.000044,    0.004887
0.004088,    0.000083,    0.000044,    0.004890
0.004092,    0.000083,    0.000044,    0.004893
0.004096,    0.000083,    0.000044,    0.004897
0.004100,    0.000083,    0.000044,    0.004900
0.004104,    0.000083,    0.000044,    0.004903
0.004108,    0.000083,    0.000044,    0.004907
0.004113,    0.000083,    0.000044,    0.004910
0.004117,    0.000083,    0.000044,    0.004913
0.004121,    0.000084,    0.000044,    0.004917
0.004125,    0.000084,    0.000045,    0.004920
0.004129,    0.000084,    0.000045,    0.004923
0.004133,    0.000084,    0.000045,    0.004927
0.004138,    0.000084,    0.000045,    0.004930
0.004142,    0.000084,    0.000045,    0.004933
0.004146,    0.000084,    0.000045,    0.004936
0.004150,    0.000084,    0.000045,    0.004940
0.004154,    0.000084,    0.000045,    0.004943
0.004158,    0.000084,    0.000045,    0.004946
0.004163,    0.000085,    0.000045,    0.004950
0.004167,    0.000085,    0.000045,    0.004953
0.004171,    0.000085,    0.000045,    0.004956
0.004175,    0.000085,    0.000045,    0.004959
0.004179,    0.000085,    0.000045,    0.004963
0.004183,    0.000085,    0.000045,    0.004966
0.004188,    0.000085,    0.000045,    0.004969
0.004192,    0.000085,    0.000045,    0.004973
0.004196,    0.000085,    0.000045,    0.004976
0.004200,    0.000085,    0.000045,    0.004979
0.004204,    0.000085,    0.000046,    0.004982
0.004208,    0.000086,    0.000046,    0.004986
0.004213,    0.000086,    0.000046,    0.004989
0.004217,    0.000086,    0.000046,    0.004992
0.004221,    0.000086,    0.000046,    0.004995
0.004225,    0.000086,    0.000046,    0.004999
0.004229,    0.000086,    0.000046,    0.005002
0.004233,    0.000086,    0.000046,    0.005005
0.004238,    0.000086,    0.000046,    0.005008
0.004242,    0.000086,    0.000046,    0.005012
0.004246,    0.000086,    0.000046,    0.005015
0.004250,    0.000087,    0.000046,    0.005018
0.004254,    0.000087,    0.000046,    0.005021
0.004258,    0.000087,    0.000046,    0.005025
0.004263,    0.000087,    0.000046,    0.005028
0.004267,    0.000087,    0.000046,    0.005031
0.004271,    0.000087,    0.000046,    0.005034
0.004275,    0.000087,    0.000046,    0.005038
0.004279,    0.000087,    0.000047,    0.005041
0.004283,    0.000087,    0.000047,    0.005044
0.004288,    0.000087,    0.000047,    0.005047
0.004292,    0.000088,    0.000047,    0.005050
0.004296,    0.000088,    0.000047,    0.005054
0.004300,    0.000088,    0.000047,    0.005057
0.004304,    0.000088,    0.000047,    0.005060
0.004308,    0.000088,    0.000047,    0.005063
0.004313,    0.000088,    0.000047,    0.005067
0.004317,    0.000088,    0.000047,    0.005070
0.004321,    0.000088,    0.000047,    0.005073
0.004325,    0.000088,    0.000047,    0.005076
0.004329,    0.000088,    0.000047,    0.005079
0.004333,    0.000089,    0.000047,    0.005083
0.004338,    0.000089,    0.000047,    0.005086
0.004342,    0.000089,    0.000047,    0.005089
0.004346,    0.000089,    0.000047,    0.005092
0.004350,    0.000089,    0.000047,    0.005095
0.004354,    0.000089,    0.000047,    0.005099
0.004358,    0.000089,    0.000048,    0.005102
0.004363,    0.000089,    0.000048,    0.005105
0.004367,    0.000089,    0.000048,    0.005108
0.004371,    0.000089,    0.000048,    0.005111
0.004375,    0.000089,    0.000048,    0.005115
0.004379,    0.000090,    0.000048,    0.005118
0.004383,    0.000090,    0.000048,    0.005121
0.004388,    0.000090,    0.000048,    0.005124
0.004392,    0.000090,    0.000048,    0.005127
0.004396,    0.000090,    0.000048,    0.005130
0.004400,    0.000090,    0.000048,    0.005134
0.004404,    0.000090,    0.000048,    0.005137
0.004408,    0.000090,    0.000048,    0.005140
0.004413,    0.000090,    0.000048,    0.005143
0.004417,    0.000090,    0.000048,    0.005146
0.004421,    0.000091,    0.000048,    0.005149
0.004425,    0.000091,    0.000048,    0.005153
0.004429,    0.000091,    0.000048,    0.005156
0.004433,    0.000091,    0.000048,    0.005159
0.004438,    0.000091,    0.000049,    0.005162
0.004442,    0.000091,    0.000049,    0.005165
0.004446,    0.000091,    0.000049,    0.005168
0.004450,    0.000091,    0.000049,    0.005172
0.004454,    0.000091,    0.000049,    0.005175
0.004458,    0.000091,    0.000049,    0.005178
0.004463,    0.000092,    0.000049,    0.005181
0.004467,    0.000092,    0.000049,    0.005184
0.004471,    0.000092,    0.000049,    0.005187
0.004475,    0.000092,    0.000049,    0.005190
0.004479,    0.000092,    0.000049,    0.005194
0.004483,    0.000092,    0.000049,    0.005197
0.004488,    0.000092,    0.000049,    0.005200
0.004492,    0.000092,    0.000049,    0.005203
0.004496,    0.000092,    0.000049,    0.005206
0.004500,    0.000092,    0.000049,    0.005209
0.004504,    0.000093,    0.000049,    0.005212
0.004508,    0.000093,    0.000049,    0.005215
0.004513,    0.000093,    0.000050,    0.005219
0.004517,    0.000093,    0.000050,    0.005222
0.004521,    0.000093,    0.000050,    0.005225
0.004525,    0.000093,    0.000050,    0.005228
0.004529,    0.000093,    0.000050,    0.005231
0.004533,    0.000093,    0.000050,    0.005234
0.004538,    0.000093,    0.000050,    0.005237
0.004542,    0.000093,    0.000050,    0.005240
0.004546,    0.000093,    0.000050,    0.005244
0.004550,    0.000094,    0.000050,    0.005247
0.004554,    0.000094,    0.000050,    0.005250
0.004558,    0.000094,    0.000050,    0.005253
0.004563,    0.000094,    0.000050,    0.005256
0.004567,    0.000094,    0.000050,    0.005259
0.004571,    0.000094,    0.000050,    0.005262
0.004575,    0.000094,    0.000050,    0.005265
0.004579,    0.000094,    0.000050,    0.005268
0.004583,    0.000094,    0.000050,    0.005271
0.004588,    0.000094,    0.000051,    0.005274
0.004592,    0.000095,    0.000051,    0.005278
0.004596,    0.000095,    0.000051,    0.005281
0.004600,    0.000095,    0.000051,    0.005284
0.004604,    0.000095,    0.000051,    0.005287
0.004608,    0.000095,    0.000051,    0.005290
0.004613,    0.000095,    0.000051,    0.005293
0.004617,    0.000095,    0.000051,    0.005296
0.004621,    0.000095,    0.000051,    0.005299
0.004625,    0.000095,    0.000051,    0.005302
0.004629,    0.000095,    0.000051,    0.005305
0.004633,    0.000096,    0.000051,    0.005308
0.004638,    0.000096,    0.000051,    0.005311
0.004642,    0.000096,    0.000051,    0.005314
0.004646,    0.000096,    0.000051,    0.005318
0.004650,    0.000096,    0.000051,    0.005321
0.004654,    0.000096,    0.000051,    0.005324
0.004658,    0.000096,    0.000051,    0.005327
0.004663,    0.000096,    0.000051,    0.005330
0.004667,    0.000096,    0.000052,    0.005333
0.004671,    0.000096,    0.000052,    0.005336
0.004675,    0.000097,    0.000052,    0.005339
0.004679,    0.000097,    0.000052,    0.005342
0.004683,    0.000097,    0.000052,    0.005345
0.004688,    0.000097,    0.000052,    0.005348
0.004692,    0.000097,    0.000052,    0.005351
0.004696,    0.000097,    0.000052,    0.005354
0.004700,    0.000097,    0.000052,    0.005357
0.004704,    0.000097,    0.000052,    0.005360
0.004708,    0.000097,    0.000052,    0.005363
0.004713,    0.000097,    0.000052,    0.005366
0.004717,    0.000097,    0.000052,    0.005369
0.004721,    0.000098,    0.000052,    0.005372
0.004725,    0.000098,    0.000052,    0.005375
0.004729,    0.000098,    0.000052,    0.005378
0.004733,    0.000098,    0.000052,    0.005381
0.004738,    0.000098,    0.000052,    0.005384
0.004742,    0.000098,    0.000053,    0.005387
0.004746,    0.000098,    0.000053,    0.005390
0.004750,    0.000098,    0.000053,    0.005394
0.004754,    0.000098,    0.000053,    0.005397
0.004758,    0.000098,    0.000053,    0.005400
0.004763,    0.000099,    0.000053,    0.005403
0.004767,    0.000099,    0.000053,    0.005406
0.004771,    0.000099,    0.000053,    0.005409
0.004775,    0.000099,    0.000053,    0.005412
0.004779,    0.000099,    0.000053,    0.005415
0.004783,    0.000099,    0.000053,    0.005418
0.004788,    0.000099,    0.000053,    0.005421
0.004792,    0.000099,    0.000053,    0.005424
0.004796,    0.000099,    0.000053,    0.005427
0.004800,    0.000099,    0.000053,    0.005430
0.004804,    0.000100,    0.000053,    0.005433
0.004808,    0.000100,    0.000053,    0.005436
0.004813,    0.000100,    0.000053,    0.005439
0.004817,    0.000100,    0.000054,    0.005442
0.004821,    0.000100,    0.000054,    0.005445
0.004825,    0.000100,    0.000054,    0.005448
0.004829,    0.000100,    0.000054,    0.005451
0.004833,    0.000100,    0.000054,    0.005453
0.004838,    0.000100,    0.000054,    0.005456
0.004842,    0.000100,    0.000054,    0.005459
0.004846,    0.000101,    0.000054,    0.005462
0.004850,    0.000101,    0.000054,    0.005465
0.004854,    0.000101,    0.000054,    0.005468
0.004858,    0.000101,    0.000054,    0.005471
0.004863,    0.000101,    0.000054,    0.005474
0.004867,    0.000101,    0.000054,    0.005477
0.004871,    0.000101,    0.000054,    0.005480
0.004875,    0.000101,    0.000054,    0.005483
0.004879,    0.000101,    0.000054,    0.005486
0.004883,    0.000101,    0.000054,    0.005489
0.004888,    0.000102,    0.000054,    0.005492
0.004892,    0.000102,    0.000055,    0.005495
0.004896,    0.000102,    0.000055,    0.005498
0.004900,    0.000102,    0.000055,    0.005501
0.004904,    0.000102,    0.000055,    0.005504
0.004908,    0.000102,    0.000055,    0.005507
0.004913,    0.000102,    0.000055,    0.005510
0.004917,    0.000102,    0.000055,    0.005513
0.004921,    0.000102,    0.000055,    0.005516
0.004925,    0.000102,    0.000055,    0.005519
0.004929,    0.000103,    0.000055,    0.005522
0.004933,    0.000103,    0.000055,    0.005525
0.004938,    0.000103,    0.000055,    0.005528
0.004942,    0.000103,    0.000055,    0.005530
0.004946,    0.000103,    0.000055,    0.005533
0.004950,    0.000103,    0.000055,    0.005536
0.004954,    0.000103,    0.000055,    0.005539
0.004958,    0.000103,    0.000055,    0.005542
0.004963,    0.000103,    0.000056,    0.005545
0.004967,    0.000103,    0.000056,    0.005548
0.004971,    0.000104,    0.000056,    0.005551
0.004975,    0.000104,    0.000056,    0.005554
0.004979,    0.000104,    0.000056,    0.005557
0.004983,    0.000104,    0.000056,    0.005560
0.004988,    0.000104,    0.000056,    0.005563
0.004992,    0.000104,    0.000056,    0.005566
0.004996,    0.000104,    0.000056,    0.005568
0.005000,    0.000104,    0.000056,    0.005571
0.005004,    0.000104,    0.000056,    0.005574
0.005008,    0.000104,    0.000056,    0.005577
0.005013,    0.000104,    0.000056,    0.005580
0.005017,    0.000105,    0.000056,    0.005583
0.005021,    0.000105,    0.000056,    0.005586
0.005025,    0.000105,    0.000056,    0.005589
0.005029,    0.000105,    0.000056,    0.005592
0.005033,    0.000105,    0.000056,    0.005595
0.005038,    0.000105,    0.000057,    0.005598
0.005042,    0.000105,    0.000057,    0.005600
0.005046,    0.000105,    0.000057,    0.005603
0.005050,    0.000105,    0.000057,    0.005606
0.005054,    0.000105,    0.000057,    0.005609
0.005058,    0.000106,    0.000057,    0.005612
0.005063,    0.000106,    0.000057,    0.005615
0.005067,    0.000106,    0.000057,    0.005618
0.005071,    0.000106,    0.000057,    0.005621
0.005075,    0.000106,    0.000057,    0.005624
0.005079,    0.000106,    0.000057,    0.005626
0.005083,    0.000106,    0.000057,    0.005629
0.005088,    0.000106,    0.000057,    0.005632
0.005092,    0.000106,    0.000057,    0.005635
0.005096,    0.000106,    0.000057,    0.005638
0.005100,    0.000107,    0.000057,    0.005641
0.005104,    0.000107,    0.000057,    0.005644
0.005108,    0.000107,    0.000057,    0.005647
0.005113,    0.000107,    0.000058,    0.005649
0.005117,    0.000107,    0.000058,    0.005652
0.005121,    0.000107,    0.000058,    0.005655
0.005125,    0.000107,    0.000058,    0.005658
0.005129,    0.000107,    0.000058,    0.005661
0.005133,    0.000107,    0.000058,    0.005664
0.005138,    0.000107,    0.000058,    0.005667
0.005142,    0.000108,    0.000058,    0.005669
0.005146,    0.000108,    0.000058,    0.005672
0.005150,    0.000108,    0.000058,    0.005675
0.005154,    0.000108,    0.000058,    0.005678
0.005158,    0.000108,    0.000058,    0.005681
0.005163,    0.000108,    0.000058,    0.005684
0.005167,    0.000108,    0.000058,    0.005687
0.005171,    0.000108,    0.000058,    0.005689
0.005175,    0.000108,    0.000058,    0.005692
0.005179,    0.000108,    0.000058,    0.005695
0.005183,    0.000109,    0.000059,    0.005698
0.005188,    0.000109,    0.000059,    0.005701
0.005192,    0.000109,    0.000059,    0.005704
0.005196,    0.000109,    0.000059,    0.005707
0.005200,    0.000109,    0.000059,    0.005709
0.005204,    0.000109,    0.000059,    0.005712
0.005208,    0.000109,    0.000059,    0.005715
0.005213,    0.000109,    0.000059,    0.005718
0.005217,    0.000109,    0.000059,    0.005721
0.005221,    0.000109,    0.000059,    0.005724
0.005225,    0.000110,    0.000059,    0.005726
0.005229,    0.000110,    0.000059,    0.005729
0.005233,    0.000110,    0.000059,    0.005732
0.005238,    0.000110,    0.000059,    0.005735
0.005242,    0.000110,    0.000059,    0.005738
0.005246,    0.000110,    0.000059,    0.005740
0.005250,    0.000110,    0.000059,    0.005743
0.005254,    0.000110,    0.000059,    0.005746
0.005258,    0.000110,    0.000060,    0.005749
0.005263,    0.000110,    0.000060,    0.005752
0.005267,    0.000111,    0.000060,    0.005755
0.005271,    0.000111,    0.000060,    0.005757
0.005275,    0.000111,    0.000060,    0.005760
0.005279,    0.000111,    0.000060,    0.005763
0.005283,    0.000111,    0.000060,    0.005766
0.005288,    0.000111,    0.000060,    0.005769
0.005292,    0.000111,    0.000060,    0.005771
0.005296,    0.000111,    0.000060,    0.005774
0.005300,    0.000111,    0.000060,    0.005777
0.005304,    0.000111,    0.000060,    0.005780
0.005308,    0.000112,    0.000060,    0.005783
0.005313,    0.000112,    0.000060,    0.005785
0.005317,    0.000112,    0.000060,    0.005788
0.005321,    0.000112,    0.000060,    0.005791
0.005325,    0.000112,    0.000060,    0.005794
0.005329,    0.000112,    0.000061,    0.005796
0.005333,    0.000112,    0.000061,    0.005799
0.005338,    0.000112,    0.000061,    0.005802
0.005342,    0.000112,    0.000061,    0.005805
0.005346,    0.000112,    0.000061,    0.005808
0.005350,    0.000113,    0.000061,    0.005810
0.005354,    0.000113,    0.000061,    0.005813
0.005358,    0.000113,    0.000061,    0.005816
0.005363,    0.000113,    0.000061,    0.005819
0.005367,    0.000113,    0.000061,    0.005821
0.005371,    0.000113,    0.000061,    0.005824
0.005375,    0.000113,    0.000061,    0.005827
0.005379,    0.000113,    0.000061,    0.005830
0.005383,    0.000113,    0.000061,    0.005833
0.005388,    0.000113,    0.000061,    0.005835
0.005392,    0.000114,    0.000061,    0.005838
0.005396,    0.000114,    0.000061,    0.005841
0.005400,    0.000114,    0.000062,    0.005844
0.005404,    0.000114,    0.000062,    0.005846
0.005408,    0.000114,    0.000062,    0.005849
0.005413,    0.000114,    0.000062,    0.005852
0.005417,    0.000114,    0.000062,    0.005855
0.005421,    0.000114,    0.000062,    0.005857
0.005425,    0.000114,    0.000062,    0.005860
0.005429,    0.000114,    0.000062,    0.005863
0.005433,    0.000115,    0.000062,    0.005866
0.005438,    0.000115,    0.000062,    0.005868
0.005442,    0.000115,    0.000062,    0.005871
0.005446,    0.000115,    0.000062,    0.005874
0.005450,    0.000115,    0.000062,    0.005877
0.005454,    0.000115,    0.000062,    0.005879
0.005458,    0.000115,    0.000062,    0.005882
0.005463,    0.000115,    0.000062,    0.005885
0.005467,    0.000115,    0.000062,    0.005888
0.005471,    0.000115,    0.000062,    0.005890
0.005475,    0.000116,    0.000063,    0.005893
0.005479,    0.000116,    0.000063,    0.005896
0.005483,    0.000116,    0.000063,    0.005899
0.005488,    0.000116,    0.000063,    0.005901
0.005492,    0.000116,    0.000063,    0.005904
0.005496,    0.000116,    0.000063,    0.005907
0.005500,    0.000116,    0.000063,    0.005909
0.005504,    0.000116,    0.000063,    0.005912
0.005508,    0.000116,    0.000063,    0.005915
0.005513,    0.000116,    0.000063,    0.005918
0.005517,    0.000117,    0.000063,    0.005920
0.005521,    0.000117,    0.000063,    0.005923
0.005525,    0.000117,    0.000063,    0.005926
0.005529,    0.000117,    0.000063,    0.005928
0.005533,    0.000117,    0.000063,    0.005931
0.005538,    0.000117,    0.000063,    0.005934
0.005542,    0.000117,    0.000063,    0.005937
0.005546,    0.000117,    0.000064,    0.005939
0.005550,    0.000117,    0.000064,    0.005942
0.005554,    0.000117,    0.000064,    0.005945
0.005558,    0.000118,    0.000064,    0.005947
0.005563,    0.000118,    0.000064,    0.005950
0.005567,    0.000118,    0.000064,    0.005953
0.005571,    0.000118,    0.000064,    0.005956
0.005575,    0.000118,    0.000064,    0.005958
0.005579,    0.000118,    0.000064,    0.005961
0.005583,    0.000118,    0.000064,    0.005964
0.005588,    0.000118,    0.000064,    0.005966
0.005592,    0.000118,    0.000064,    0.005969
0.005596,    0.000118,    0.000064,    0.005972
0.005600,    0.000119,    0.000064,    0.005974
0.005604,    0.000119,    0.000064,    0.005977
0.005608,    0.000119,    0.000064,    0.005980
0.005613,    0.000119,    0.000064,    0.005982
0.005617,    0.000119,    0.000065,    0.005985
0.005621,    0.000119,    0.000065,    0.005988
0.005625,    0.000119,    0.000065,    0.005991
0.005629,    0.000119,    0.000065,    0.005993
0.005633,    0.000119,    0.000065,    0.005996
0.005638,    0.000119,    0.000065,    0.005999
0.005642,    0.000120,    0.000065,    0.006001
0.005646,    0.000120,    0.000065,    0.006004
0.005650,    0.000120,    0.000065,    0.006007
0.005654,    0.000120,    0.000065,    0.006009
0.005658,    0.000120,    0.000065,    0.006012
0.005663,    0.000120,    0.000065,    0.006015
0.005667,    0.000120,    0.000065,    0.006017
0.005671,    0.000120,    0.000065,    0.006020
0.005675,    0.000120,    0.000065,    0.006023
0.005679,    0.000120,    0.000065,    0.006025
0.005683,    0.000121,    0.000066,    0.006028
0.005688,    0.000121,    0.000066,    0.006031
0.005692,    0.000121,    0.000066,    0.006033
0.005696,    0.000121,    0.000066,    0.006036
0.005700,    0.000121,    0.000066,    0.006039
0.005704,    0.000121,    0.000066,    0.006041
0.005708,    0.000121,    0.000066,    0.006044
0.005713,    0.000121,    0.000066,    0.006047
0.005717,    0.000121,    0.000066,    0.006049
0.005721,    0.000121,    0.000066,    0.006052
0.005725,    0.000122,    0.000066,    0.006054
0.005729,    0.000122,    0.000066,    0.006057
0.005733,    0.000122,    0.000066,    0.006060
0.005738,    0.000122,    0.000066,    0.006062
0.005742,    0.000122,    0.000066,    0.006065
0.005746,    0.000122,    0.000066,    0.006068
0.005750,    0.000122,    0.000066,    0.006070
0.005754,    0.000122,    0.000067,    0.006073
0.005758,    0.000122,    0.000067,    0.006076
0.005763,    0.000122,    0.000067,    0.006078
0.005767,    0.000123,    0.000067,    0.006081
0.005771,    0.000123,    0.000067,    0.006083
0.005775,    0.000123,    0.000067,    0.006086
0.005779,    0.000123,    0.000067,    0.006089
0.005783,    0.000123,    0.000067,    0.006091
0.005788,    0.000123,    0.000067,    0.006094
0.005792,    0.000123,    0.000067,    0.006097
0.005796,    0.000123,    0.000067,    0.006099
0.005800,    0.000123,    0.000067,    0.006102
0.005804,    0.000123,    0.000067,    0.006104
0.005808,    0.000124,    0.000067,    0.006107
0.005813,    0.000124,    0.000067,    0.006110
0.005817,    0.000124,    0.000067,    0.006112
0.005821,    0.000124,    0.000067,    0.006115
0.005825,    0.000124,    0.000068,    0.006118
0.005829,    0.000124,    0.000068,    0.006120
0.005833,    0.000124,    0.000068,    0.006123
0.005838,    0.000124,    0.000068,    0.006125
0.005842,    0.000124,    0.000068,    0.006128
0.005846,    0.000124,    0.000068,    0.006131
0.005850,    0.000125,    0.000068,    0.006133
0.005854,    0.000125,    0.000068,    0.006136
0.005858,    0.000125,    0.000068,    0.006138
0.005863,    0.000125,    0.000068,    0.006141
0.005867,    0.000125,    0.000068,    0.006144
0.005871,    0.000125,    0.000068,    0.006146
0.005875,    0.000125,    0.000068,    0.006149
0.005879,    0.000125,    0.000068,    0.006151
0.005883,    0.000125,    0.000068,    0.006154
0.005888,    0.000125,    0.000068,    0.006157
0.005892,    0.000126,    0.000068,    0.006159
0.005896,    0.000126,    0.000069,    0.006162
0.005900,    0.000126,    0.000069,    0.006164
0.005904,    0.000126,    0.000069,    0.006167
0.005908,    0.000126,    0.000069,    0.006170
0.005913,    0.000126,    0.000069,    0.006172
0.005917,    0.000126,    0.000069,    0.006175
0.005921,    0.000126,    0.000069,    0.006177
0.005925,    0.000126,    0.000069,    0.006180
0.005929,    0.000126,    0.000069,    0.006182
0.005933,    0.000127,    0.000069,    0.006185
0.005938,    0.000127,    0.000069,    0.006188
0.005942,    0.000127,    0.000069,    0.006190
0.005946,    0.000127,    0.000069,    0.006193
0.005950,    0.000127,    0.000069,    0.006195
0.005954,    0.000127,    0.000069,    0.006198
0.005958,    0.000127,    0.000069,    0.006201
0.005963,    0.000127,    0.000070,    0.006203
0.005967,    0.000127,    0.000070,    0.006206
0.005971,    0.000127,    0.000070,    0.006208
0.005975,    0.000128,    0.000070,    0.006211
0.005979,    0.000128,    0.000070,    0.006213
0.005983,    0.000128,    0.000070,    0.006216
0.005988,    0.000128,    0.000070,    0.006218
0.005992,    0.000128,    0.000070,    0.006221
0.005996,    0.000128,    0.000070,    0.006224
0.006000,    0.000128,    0.000070,    0.006226
0.006004,    0.000128,    0.000070,    0.006229
0.006008,    0.000128,    0.000070,    0.006231
0.006013,    0.000129,    0.000070,    0.006234
0.006017,    0.000129,    0.000070,    0.006236
0.006021,    0.000129,    0.000070,    0.006239
0.006025,    0.000129,    0.000070,    0.006241
0.006029,    0.000129,    0.000070,    0.006244
0.006033,    0.000129,    0.000071,    0.006247
0.006038,    0.000129,    0.000071,    0.006249
0.006042,    0.000129,    0.000071,    0.006252
0.006046,    0.000129,    0.000071,    0.006254
0.006050,    0.000129,    0.000071,    0.006257
0.006054,    0.000130,    0.000071,    0.006259
0.006058,    0.000130,    0.000071,    0.006262
0.006063,    0.000130,    0.000071,    0.006264
0.006067,    0.000130,    0.000071,    0.006267
0.006071,    0.000130,    0.000071,    0.006269
0.006075,    0.000130,    0.000071,    0.006272
0.006079,    0.000130,    0.000071,    0.006274
0.006083,    0.000130,    0.000071,    0.006277
0.006088,    0.000130,    0.000071,    0.006280
0.006092,    0.000130,    0.000071,    0.006282
0.006096,    0.000131,    0.000071,    0.006285
0.006100,    0.000131,    0.000072,    0.006287
0.006104,    0.000131,    0.000072,    0.006290
0.006108,    0.000131,    0.000072,    0.006292
0.006113,    0.000131,    0.000072,    0.006295
0.006117,    0.000131,    0.000072,    0.006297
0.006121,    0.000131,    0.000072,    0.006300
0.006125,    0.000131,    0.000072,    0.006302
0.006129,    0.000131,    0.000072,    0.006305
0.006133,    0.000131,    0.000072,    0.006307
0.006138,    0.000132,    0.000072,    0.006310
0.006142,    0.000132,    0.000072,    0.006312
0.006146,    0.000132,    0.000072,    0.006315
0.006150,    0.000132,    0.000072,    0.006317
0.006154,    0.000132,    0.000072,    0.006320
0.006158,    0.000132,    0.000072,    0.006322
0.006163,    0.000132,    0.000072,    0.006325
0.006167,    0.000132,    0.000072,    0.006327
0.006171,    0.000132,    0.000073,    0.006330
0.006175,    0.000132,    0.000073,    0.006332
0.006179,    0.000133,    0.000073,    0.006335
0.006183,    0.000133,    0.000073,    0.006337
0.006188,    0.000133,    0.000073,    0.006340
0.006192,    0.000133,    0.000073,    0.006342
0.006196,    0.000133,    0.000073,    0.006345
0.006200,    0.000133,    0.000073,    0.006347
0.006204,    0.000133,    0.000073,    0.006350
0.006208,    0.000133,    0.000073,    0.006352
0.006213,    0.000133,    0.000073,    0.006355
0.006217,    0.000133,    0.000073,    0.006357
0.006221,    0.000134,    0.000073,    0.006360
0.006225,    0.000134,    0.000073,    0.006362
0.006229,    0.000134,    0.000073,    0.006365
0.006233,    0.000134,    0.000073,    0.006367
0.006238,    0.000134,    0.000074,    0.006370
0.006242,    0.000134,    0.000074,    0.006372
0.006246,    0.000134,    0.000074,    0.006375
0.006250,    0.000134,    0.000074,    0.006377
0.006254,    0.000134,    0.000074,    0.006380
0.006258,    0.000134,    0.000074,    0.006382
0.006263,    0.000135,    0.000074,    0.006385
0.006267,    0.000135,    0.000074,    0.006387
0.006271,    0.000135,    0.000074,    0.006390
0.006275,    0.000135,    0.000074,    0.006392
0.006279,    0.000135,    0.000074,    0.006395
0.006283,    0.000135,    0.000074,    0.006397
0.006288,    0.000135,    0.000074,    0.006400
0.006292,    0.000135,    0.000074,    0.006402
0.006296,    0.000135,    0.000074,    0.006404
0.006300,    0.000136,    0.000074,    0.006407
0.006304,    0.000136,    0.000075,    0.006409
0.006308,    0.000136,    0.000075,    0.006412
0.006313,    0.000136,    0.000075,    0.006414
0.006317,    0.000136,    0.000075,    0.006417
0.006321,    0.000136,    0.000075,    0.006419
0.006325,    0.000136,    0.000075,    0.006422
0.006329,    0.000136,    0.000075,    0.006424
0.006333,    0.000136,    0.000075,    0.006427
0.006338,    0.000136,    0.000075,    0.006429
0.006342,    0.000137,    0.000075,    0.006432
0.006346,    0.000137,    0.000075,    0.006434
0.006350,    0.000137,    0.000075,    0.006436
0.006354,    0.000137,    0.000075,    0.006439
0.006358,    0.000137,    0.000075,    0.006441
0.006363,    0.000137,    0.000075,    0.006444
0.006367,    0.000137,    0.000075,    0.006446
0.006371,    0.000137,    0.000076,    0.006449
0.006375,    0.000137,    0.000076,    0.006451
0.006379,    0.000137,    0.000076,    0.006454
0.006383,    0.000138,    0.000076,    0.006456
0.006388,    0.000138,    0.000076,    0.006458
0.006392,    0.000138,    0.000076,    0.006461
0.006396,    0.000138,    0.000076,    0.006463
0.006400,    0.000138,    0.000076,    0.006466
0.006404,    0.000138,    0.000076,    0.006468
0.006408,    0.000138,    0.000076,    0.006471
0.006413,    0.000138,    0.000076,    0.006473
0.006417,    0.000138,    0.000076,    0.006475
0.006421,    0.000138,    0.000076,    0.006478
0.006425,    0.000139,    0.000076,    0.006480
0.006429,    0.000139,    0.000076,    0.006483
0.006433,    0.000139,    0.000076,    0.006485
0.006438,    0.000139,    0.000077,    0.006488
0.006442,    0.000139,    0.000077,    0.006490
0.006446,    0.000139,    0.000077,    0.006492
0.006450,    0.000139,    0.000077,    0.006495
0.006454,    0.000139,    0.000077,    0.006497
0.006458,    0.000139,    0.000077,    0.006500
0.006463,    0.000140,    0.000077,    0.006502
0.006467,    0.000140,    0.000077,    0.006505
0.006471,    0.000140,    0.000077,    0.006507
0.006475,    0.000140,    0.000077,    0.006509
0.006479,    0.000140,    0.000077,    0.006512
0.006483,    0.000140,    0.000077,    0.006514
0.006488,    0.000140,    0.000077,    0.006517
0.006492,    0.000140,    0.000077,    0.006519
0.006496,    0.000140,    0.000077,    0.006521
0.006500,    0.000140,    0.000077,    0.006524
0.006504,    0.000141,    0.000078,    0.006526
0.006508,    0.000141,    0.000078,    0.006529
0.006513,    0.000141,    0.000078,    0.006531
0.006517,    0.000141,    0.000078,    0.006534
0.006521,    0.000141,    0.000078,    0.006536
0.006525,    0.000141,    0.000078,    0.006538
0.006529,    0.000141,    0.000078,    0.006541
0.006533,    0.000141,    0.000078,    0.006543
0.006538,    0.000141,    0.000078,    0.006546
0.006542,    0.000141,    0.000078,    0.006548
0.006546,    0.000142,    0.000078,    0.006550
0.006550,    0.000142,    0.000078,    0.006553
0.006554,    0.000142,    0.000078,    0.006555
0.006558,    0.000142,    0.000078,    0.006558
0.006563,    0.000142,    0.000078,    0.006560
0.006567,    0.000142,    0.000078,    0.006562
0.006571,    0.000142,    0.000079,    0.006565
0.006575,    0.000142,    0.000079,    0.006567
0.006579,    0.000142,    0.000079,    0.006569
0.006583,    0.000142,    0.000079,    0.006572
0.006588,    0.000143,    0.000079,    0.006574
0.006592,    0.000143,    0.000079,    0.006577
0.006596,    0.000143,    0.000079,    0.006579
0.006600,    0.000143,    0.000079,    0.006581
0.006604,    0.000143,    0.000079,    0.006584
0.006608,    0.000143,    0.000079,    0.006586
0.006613,    0.000143,    0.000079,    0.006589
0.006617,    0.000143,    0.000079,    0.006591
0.006621,    0.000143,    0.000079,    0.006593
0.006625,    0.000144,    0.000079,    0.006596
0.006629,    0.000144,    0.000079,    0.006598
0.006633,    0.000144,    0.000079,    0.006600
0.006638,    0.000144,    0.000080,    0.006603
0.006642,    0.000144,    0.000080,    0.006605
0.006646,    0.000144,    0.000080,    0.006607
0.006650,    0.000144,    0.000080,    0.006610
0.006654,    0.000144,    0.000080,    0.006612
0.006658,    0.000144,    0.000080,    0.006615
0.006663,    0.000144,    0.000080,    0.006617
0.006667,    0.000145,    0.000080,    0.006619
0.006671,    0.000145,    0.000080,    0.006622
0.006675,    0.000145,    0.000080,    0.006624
0.006679,    0.000145,    0.000080,    0.006626
0.006683,    0.000145,    0.000080,    0.006629
0.006688,    0.000145,    0.000080,    0.006631
0.006692,    0.000145,    0.000080,    0.006633
0.006696,    0.000145,    0.000080,    0.006636
0.006700,    0.000145,    0.000080,    0.006638
0.006704,    0.000145,    0.000081,    0.006641
0.006708,    0.000146,    0.000081,    0.006643
0.006713,    0.000146,    0.000081,    0.006645
0.006717,    0.000146,    0.000081,    0.006648
0.006721,    0.000146,    0.000081,    0.006650
0.006725,    0.000146,    0.000081,    0.006652
0.006729,    0.000146,    0.000081,    0.006655
0.006733,    0.000146,    0.000081,    0.006657
0.006738,    0.000146,    0.000081,    0.006659
0.006742,    0.000146,    0.000081,    0.006662
0.006746,    0.000146,    0.000081,    0.006664
0.006750,    0.000147,    0.000081,    0.006666
0.006754,    0.000147,    0.000081,    0.006669
0.006758,    0.000147,    0.000081,    0.006671
0.006763,    0.000147,    0.000081,    0.006673
0.006767,    0.000147,    0.000081,    0.006676
0.006771,    0.000147,    0.000082,    0.006678
0.006775,    0.000147,    0.000082,    0.006680
0.006779,    0.000147,    0.000082,    0.006683
0.006783,    0.000147,    0.000082,    0.006685
0.006788,    0.000148,    0.000082,    0.006687
0.006792,    0.000148,    0.000082,    0.006690
0.006796,    0.000148,    0.000082,    0.006692
0.006800,    0.000148,    0.000082,    0.006694
0.006804,    0.000148,    0.000082,    0.006697
0.006808,    0.000148,    0.000082,    0.006699
0.006813,    0.000148,    0.000082,    0.006701
0.006817,    0.000148,    0.000082,    0.006704
0.006821,    0.000148,    0.000082,    0.006706
0.006825,    0.000148,    0.000082,    0.006708
0.006829,    0.000149,    0.000082,    0.006711
0.006833,    0.000149,    0.000082,    0.006713
0.006838,    0.000149,    0.000083,    0.006715
0.006842,    0.000149,    0.000083,    0.006718
0.006846,    0.000149,    0.000083,    0.006720
0.006850,    0.000149,    0.000083,    0.006722
0.006854,    0.000149,    0.000083,    0.006725
0.006858,    0.000149,    0.000083,    0.006727
0.006863,    0.000149,    0.000083,    0.006729
0.006867,    0.000149,    0.000083,    0.006731
0.006871,    0.000150,    0.000083,    0.006734
0.006875,    0.000150,    0.000083,    0.006736
0.006879,    0.000150,    0.000083,    0.006738
0.006883,    0.000150,    0.000083,    0.006741
0.006888,    0.000150,    0.000083,    0.006743
0.006892,    0.000150,    0.000083,    0.006745
0.006896,    0.000150,    0.000083,    0.006748
0.006900,    0.000150,    0.000084,    0.006750
0.006904,    0.000150,    0.000084,    0.006752
0.006908,    0.000151,    0.000084,    0.006755
0.006913,    0.000151,    0.000084,    0.006757
0.006917,    0.000151,    0.000084,    0.006759
0.006921,    0.000151,    0.000084,    0.006761
0.006925,    0.000151,    0.000084,    0.006764
0.006929,    0.000151,    0.000084,    0.006766
0.006933,    0.000151,    0.000084,    0.006768
0.006938,    0.000151,    0.000084,    0.006771
0.006942,    0.000151,    0.000084,    0.006773
0.006946,    0.000151,    0.000084,    0.006775
0.006950,    0.000152,    0.000084,    0.006777
0.006954,    0.000152,    0.000084,    0.006780
0.006958,    0.000152,    0.000084,    0.006782
0.006963,    0.000152,    0.000084,    0.006784
0.006967,    0.000152,    0.000085,    0.006787
0.006971,    0.000152,    0.000085,    0.006789
0.006975,    0.000152,    0.000085,    0.006791
0.006979,    0.000152,    0.000085,    0.006793
0.006983,    0.000152,    0.000085,    0.006796
0.006988,    0.000152,    0.000085,    0.006798
0.006992,    0.000153,    0.000085,    0.006800
0.006996,    0.000153,    0.000085,    0.006803
0.007000,    0.000153,    0.000085,    0.006805
0.007004,    0.000153,    0.000085,    0.006807
0.007008,    0.000153,    0.000085,    0.006809
0.007013,    0.000153,    0.000085,    0.006812
0.007017,    0.000153,    0.000085,    0.006814
0.007021,    0.000153,    0.000085,    0.006816
0.007025,    0.000153,    0.000085,    0.006818
0.007029,    0.000154,    0.000086,    0.006821
0.007033,    0.000154,    0.000086,    0.006823
0.007038,    0.000154,    0.000086,    0.006825
0.007042,    0.000154,    0.000086,    0.006828
0.007046,    0.000154,    0.000086,    0.006830
0.007050,    0.000154,    0.000086,    0.006832
0.007054,    0.000154,    0.000086,    0.006834
0.007058,    0.000154,    0.000086,    0.006837
0.007063,    0.000154,    0.000086,    0.006839
0.007067,    0.000154,    0.000086,    0.006841
0.007071,    0.000155,    0.000086,    0.006843
0.007075,    0.000155,    0.000086,    0.006846
0.007079,    0.000155,    0.000086,    0.006848
0.007083,    0.000155,    0.000086,    0.006850
0.007088,    0.000155,    0.000086,    0.006852
0.007092,    0.000155,    0.000086,    0.006855
0.007096,    0.000155,    0.000087,    0.006857
0.007100,    0.000155,    0.000087,    0.006859
0.007104,    0.000155,    0.000087,    0.006861
0.007108,    0.000156,    0.000087,    0.006864
0.007113,    0.000156,    0.000087,    0.006866
0.007117,    0.000156,    0.000087,    0.006868
0.007121,    0.000156,    0.000087,    0.006870
0.007125,    0.000156,    0.000087,    0.006873
0.007129,    0.000156,    0.000087,    0.006875
0.007133,    0.000156,    0.000087,    0.006877
0.007138,    0.000156,    0.000087,    0.006879
0.007142,    0.000156,    0.000087,    0.006882
0.007146,    0.000156,    0.000087,    0.006884
0.007150,    0.000157,    0.000087,    0.006886
0.007154,    0.000157,    0.000087,    0.006888
0.007158,    0.000157,    0.000088,    0.006891
0.007163,    0.000157,    0.000088,    0.006893
0.007167,    0.000157,    0.000088,    0.006895
0.007171,    0.000157,    0.000088,    0.006897
0.007175,    0.000157,    0.000088,    0.006900
0.007179,    0.000157,    0.000088,    0.006902
0.007183,    0.000157,    0.000088,    0.006904
0.007188,    0.000157,    0.000088,    0.006906
0.007192,    0.000158,    0.000088,    0.006909
0.007196,    0.000158,    0.000088,    0.006911
0.007200,    0.000158,    0.000088,    0.006913
0.007204,    0.000158,    0.000088,    0.006915
0.007208,    0.000158,    0.000088,    0.006917
0.007213,    0.000158,    0.000088,    0.006920
0.007217,    0.000158,    0.000088,    0.006922
0.007221,    0.000158,    0.000089,    0.006924
0.007225,    0.000158,    0.000089,    0.006926
0.007229,    0.000159,    0.000089,    0.006929
0.007233,    0.000159,    0.000089,    0.006931
0.007238,    0.000159,    0.000089,    0.006933
0.007242,    0.000159,    0.000089,    0.006935
0.007246,    0.000159,    0.000089,    0.006937
0.007250,    0.000159,    0.000089,    0.006940
0.007254,    0.000159,    0.000089,    0.006942
0.007258,    0.000159,    0.000089,    0.006944
0.007263,    0.000159,    0.000089,    0.006946
0.007267,    0.000159,    0.000089,    0.006948
0.007271,    0.000160,    0.000089,    0.006951
0.007275,    0.000160,    0.000089,    0.006953
0.007279,    0.000160,    0.000089,    0.006955
0.007283,    0.000160,    0.000089,    0.006957
0.007288,    0.000160,    0.000090,    0.006960
0.007292,    0.000160,    0.000090,    0.006962
0.007296,    0.000160,    0.000090,    0.006964
0.007300,    0.000160,    0.000090,    0.006966
0.007304,    0.000160,    0.000090,    0.006968
0.007308,    0.000161,    0.000090,    0.006971
0.007313,    0.000161,    0.000090,    0.006973
0.007317,    0.000161,    0.000090,    0.006975
0.007321,    0.000161,    0.000090,    0.006977
0.007325,    0.000161,    0.000090,    0.006979
0.007329,    0.000161,    0.000090,    0.006982
0.007333,    0.000161,    0.000090,    0.006984
0.007338,    0.000161,    0.000090,    0.006986
0.007342,    0.000161,    0.000090,    0.006988
0.007346,    0.000161,    0.000090,    0.006990
0.007350,    0.000162,    0.000091,    0.006993
0.007354,    0.000162,    0.000091,    0.006995
0.007358,    0.000162,    0.000091,    0.006997
0.007363,    0.000162,    0.000091,    0.006999
0.007367,    0.000162,    0.000091,    0.007001
0.007371,    0.000162,    0.000091,    0.007004
0.007375,    0.000162,    0.000091,    0.007006
0.007379,    0.000162,    0.000091,    0.007008
0.007383,    0.000162,    0.000091,    0.007010
0.007388,    0.000162,    0.000091,    0.007012
0.007392,    0.000163,    0.000091,    0.007014
0.007396,    0.000163,    0.000091,    0.007017
0.007400,    0.000163,    0.000091,    0.007019
0.007404,    0.000163,    0.000091,    0.007021
0.007408,    0.000163,    0.000091,    0.007023
0.007413,    0.000163,    0.000092,    0.007025
0.007417,    0.000163,    0.000092,    0.007028
0.007421,    0.000163,    0.000092,    0.007030
0.007425,    0.000163,    0.000092,    0.007032
0.007429,    0.000164,    0.000092,    0.007034
0.007433,    0.000164,    0.000092,    0.007036
0.007438,    0.000164,    0.000092,    0.007038
0.007442,    0.000164,    0.000092,    0.007041
0.007446,    0.000164,    0.000092,    0.007043
0.007450,    0.000164,    0.000092,    0.007045
0.007454,    0.000164,    0.000092,    0.007047
0.007458,    0.000164,    0.000092,    0.007049
0.007463,    0.000164,    0.000092,    0.007051
0.007467,    0.000164,    0.000092,    0.007054
0.007471,    0.000165,    0.000092,    0.007056
0.007475,    0.000165,    0.000093,    0.007058
0.007479,    0.000165,    0.000093,    0.007060
0.007483,    0.000165,    0.000093,    0.007062
0.007488,    0.000165,    0.000093,    0.007064
0.007492,    0.000165,    0.000093,    0.007067
0.007496,    0.000165,    0.000093,    0.007069
0.007500,    0.000165,    0.000093,    0.007071
0.007504,    0.000165,    0.000093,    0.007073
0.007508,    0.000166,    0.000093,    0.007075
0.007513,    0.000166,    0.000093,    0.007077
0.007517,    0.000166,    0.000093,    0.007080
0.007521,    0.000166,    0.000093,    0.007082
0.007525,    0.000166,    0.000093,    0.007084
0.007529,    0.000166,    0.000093,    0.007086
0.007533,    0.000166,    0.000093,    0.007088
0.007538,    0.000166,    0.000094,    0.007090
0.007542,    0.000166,    0.000094,    0.007092
0.007546,    0.000166,    0.000094,    0.007095
0.007550,    0.000167,    0.000094,    0.007097
0.007554,    0.000167,    0.000094,    0.007099
0.007558,    0.000167,    0.000094,    0.007101
0.007563,    0.000167,    0.000094,    0.007103
0.007567,    0.000167,    0.000094,    0.007105
0.007571,    0.000167,    0.000094,    0.007107
0.007575,    0.000167,    0.000094,    0.007110
0.007579,    0.000167,    0.000094,    0.007112
0.007583,    0.000167,    0.000094,    0.007114
0.007588,    0.000168,    0.000094,    0.007116
0.007592,    0.000168,    0.000094,    0.007118
0.007596,    0.000168,    0.000094,    0.007120
0.007600,    0.000168,    0.000095,    0.007122
0.007604,    0.000168,    0.000095,    0.007125
0.007608,    0.000168,    0.000095,    0.007127
0.007613,    0.000168,    0.000095,    0.007129
0.007617,    0.000168,    0.000095,    0.007131
0.007621,    0.000168,    0.000095,    0.007133
0.007625,    0.000168,    0.000095,    0.007135
0.007629,    0.000169,    0.000095,    0.007137
0.007633,    0.000169,    0.000095,    0.007140
0.007638,    0.000169,    0.000095,    0.007142
0.007642,    0.000169,    0.000095,    0.007144
0.007646,    0.000169,    0.000095,    0.007146
0.007650,    0.000169,    0.000095,    0.007148
0.007654,    0.000169,    0.000095,    0.007150
0.007658,    0.000169,    0.000095,    0.007152
0.007663,    0.000169,    0.000096,    0.007154
0.007667,    0.000170,    0.000096,    0.007157
0.007671,    0.000170,    0.000096,    0.007159
0.007675,    0.000170,    0.000096,    0.007161
0.007679,    0.000170,    0.000096,    0.007163
0.007683,    0.000170,    0.000096,    0.007165
0.007688,    0.000170,    0.000096,    0.007167
0.007692,    0.000170,    0.000096,    0.007169
0.007696,    0.000170,    0.000096,    0.007171
0.007700,    0.000170,    0.000096,    0.007174
0.007704,    0.000170,    0.000096,    0.007176
0.007708,    0.000171,    0.000096,    0.007178
0.007713,    0.000171,    0.000096,    0.007180
0.007717,    0.000171,    0.000096,    0.007182
0.007721,    0.000171,    0.000096,    0.007184
0.007725,    0.000171,    0.000097,    0.007186
0.007729,    0.000171,    0.000097,    0.007188
0.007733,    0.000171,    0.000097,    0.007190
0.007738,    0.000171,    0.000097,    0.007193
0.007742,    0.000171,    0.000097,    0.007195
0.007746,    0.000172,    0.000097,    0.007197
0.007750,    0.000172,    0.000097,    0.007199
0.007754,    0.000172,    0.000097,    0.007201
0.007758,    0.000172,    0.000097,    0.007203
0.007763,    0.000172,    0.000097,    0.007205
0.007767,    0.000172,    0.000097,    0.007207
0.007771,    0.000172,    0.000097,    0.007209
0.007775,    0.000172,    0.000097,    0.007212
0.007779,    0.000172,    0.000097,    0.007214
0.007783,    0.000172,    0.000097,    0.007216
0.007788,    0.000173,    0.000098,    0.007218
0.007792,    0.000173,    0.000098,    0.007220
0.007796,    0.000173,    0.000098,    0.007222
0.007800,    0.000173,    0.000098,    0.007224
0.007804,    0.000173,    0.000098,    0.007226
0.007808,    0.000173,    0.000098,    0.007228
0.007813,    0.000173,    0.000098,    0.007230
0.007817,    0.000173,    0.000098,    0.007232
0.007821,    0.000173,    0.000098,    0.007235
0.007825,    0.000174,    0.000098,    0.007237
0.007829,    0.000174,    0.000098,    0.007239
0.007833,    0.000174,    0.000098,    0.007241
0.007838,    0.000174,    0.000098,    0.007243
0.007842,    0.000174,    0.000098,    0.007245
0.007846,    0.000174,    0.000098,    0.007247
0.007850,    0.000174,    0.000099,    0.007249
0.007854,    0.000174,    0.000099,    0.007251
0.007858,    0.000174,    0.000099,    0.007253
0.007863,    0.000175,    0.000099,    0.007255
0.007867,    0.000175,    0.000099,    0.007258
0.007871,    0.000175,    0.000099,    0.007260
0.007875,    0.000175,    0.000099,    0.007262
0.007879,    0.000175,    0.000099,    0.007264
0.007883,    0.000175,    0.000099,    0.007266
0.007888,    0.000175,    0.000099,    0.007268
0.007892,    0.000175,    0.000099,    0.007270
0.007896,    0.000175,    0.000099,    0.007272
0.007900,    0.000175,    0.000099,    0.007274
0.007904,    0.000176,    0.000099,    0.007276
0.007908,    0.000176,    0.000099,    0.007278
0.007913,    0.000176,    0.000100,    0.007280
0.007917,    0.000176,    0.000100,    0.007282
0.007921,    0.000176,    0.000100,    0.007285
0.007925,    0.000176,    0.000100,    0.007287
0.007929,    0.000176,    0.000100,    0.007289
0.007933,    0.000176,    0.000100,    0.007291
0.007938,    0.000176,    0.000100,    0.007293
0.007942,    0.000177,    0.000100,    0.007295
0.007946,    0.000177,    0.000100,    0.007297
0.007950,    0.000177,    0.000100,    0.007299
0.007954,    0.000177,    0.000100,    0.007301
0.007958,    0.000177,    0.000100,    0.007303
0.007963,    0.000177,    0.000100,    0.007305
0.007967,    0.000177,    0.000100,    0.007307
0.007971,    0.000177,    0.000101,    0.007309
0.007975,    0.000177,    0.000101,    0.007311
0.007979,    0.000177,    0.000101,    0.007313
0.007983,    0.000178,    0.000101,    0.007316
0.007988,    0.000178,    0.000101,    0.007318
0.007992,    0.000178,    0.000101,    0.007320
0.007996,    0.000178,    0.000101,    0.007322
0.008000,    0.000178,    0.000101,    0.007324
0.008004,    0.000178,    0.000101,    0.007326
0.008008,    0.000178,    0.000101,    0.007328
0.008013,    0.000178,    0.000101,    0.007330
0.008017,    0.000178,    0.000101,    0.007332
0.008021,    0.000179,    0.000101,    0.007334
0.008025,    0.000179,    0.000101,    0.007336
0.008029,    0.000179,    0.000101,    0.007338
0.008033,    0.000179,    0.000102,    0.007340
0.008038,    0.000179,    0.000102,    0.007342
0.008042,    0.000179,    0.000102,    0.007344
0.008046,    0.000179,    0.000102,    0.007346
0.008050,    0.000179,    0.000102,    0.007348
0.008054,    0.000179,    0.000102,    0.007350
0.008058,    0.000179,    0.000102,    0.007352
0.008063,    0.000180,    0.000102,    0.007354
0.008067,    0.000180,    0.000102,    0.007357
0.008071,    0.000180,    0.000102,    0.007359
0.008075,    0.000180,    0.000102,    0.007361
0.008079,    0.000180,    0.000102,    0.007363
0.008083,    0.000180,    0.000102,    0.007365
0.008088,    0.000180,    0.000102,    0.007367
0.008092,    0.000180,    0.000102,    0.007369
0.008096,    0.000180,    0.000103,    0.007371
0.008100,    0.000181,    0.000103,    0.007373
0.008104,    0.000181,    0.000103,    0.007375
0.008108,    0.000181,    0.000103,    0.007377
0.008113,    0.000181,    0.000103,    0.007379
0.008117,    0.000181,    0.000103,    0.007381
0.008121,    0.000181,    0.000103,    0.007383
0.008125,    0.000181,    0.000103,    0.007385
0.008129,    0.000181,    0.000103,    0.007387
0.008133,    0.000181,    0.000103,    0.007389
0.008138,    0.000182,    0.000103,    0.007391
0.008142,    0.000182,    0.000103,    0.007393
0.008146,    0.000182,    0.000103,    0.007395
0.008150,    0.000182,    0.000103,    0.007397
0.008154,    0.000182,    0.000104,    0.007399
0.008158,    0.000182,    0.000104,    0.007401
0.008163,    0.000182,    0.000104,    0.007403
0.008167,    0.000182,    0.000104,    0.007405
0.008171,    0.000182,    0.000104,    0.007407
0.008175,    0.000182,    0.000104,    0.007409
0.008179,    0.000183,    0.000104,    0.007411
0.008183,    0.000183,    0.000104,    0.007413
0.008188,    0.000183,    0.000104,    0.007415
0.008192,    0.000183,    0.000104,    0.007417
0.008196,    0.000183,    0.000104,    0.007419
0.008200,    0.000183,    0.000104,    0.007422
0.008204,    0.000183,    0.000104,    0.007424
0.008208,    0.000183,    0.000104,    0.007426
0.008213,    0.000183,    0.000104,    0.007428
0.008217,    0.000184,    0.000105,    0.007430
0.008221,    0.000184,    0.000105,    0.007432
0.008225,    0.000184,    0.000105,    0.007434
0.008229,    0.000184,    0.000105,    0.007436
0.008233,    0.000184,    0.000105,    0.007438
0.008238,    0.000184,    0.000105,    0.007440
0.008242,    0.000184,    0.000105,    0.007442
0.008246,    0.000184,    0.000105,    0.007444
0.008250,    0.000184,    0.000105,    0.007446
0.008254,    0.000185,    0.000105,    0.007448
0.008258,    0.000185,    0.000105,    0.007450
0.008263,    0.000185,    0.000105,    0.007452
0.008267,    0.000185,    0.000105,    0.007454
0.008271,    0.000185,    0.000105,    0.007456
0.008275,    0.000185,    0.000106,    0.007458
0.008279,    0.000185,    0.000106,    0.007460
0.008283,    0.000185,    0.000106,    0.007462
0.008288,    0.000185,    0.000106,    0.007464
0.008292,    0.000185,    0.000106,    0.007466
0.008296,    0.000186,    0.000106,    0.007468
0.008300,    0.000186,    0.000106,    0.007470
0.008304,    0.000186,    0.000106,    0.007472
0.008308,    0.000186,    0.000106,    0.007474
0.008313,    0.000186,    0.000106,    0.007476
0.008317,    0.000186,    0.000106,    0.007478
0.008321,    0.000186,    0.000106,    0.007480
0.008325,    0.000186,    0.000106,    0.007482
0.008329,    0.000186,    0.000106,    0.007484
0.008333,    0.000187,    0.000106,    0.007486
