# Time,    neckLengthIntegrate,    neckLengthFormula
0.000000,    0.191477,    0.290283
0.000004,    0.190848,    0.290398
0.000008,    0.190914,    0.290475
0.000013,    0.191120,    0.290541
0.000017,    0.191398,    0.290603
0.000021,    0.191706,    0.290663
0.000025,    0.192023,    0.290724
0.000029,    0.192340,    0.290785
0.000033,    0.192650,    0.290848
0.000038,    0.192952,    0.290912
0.000042,    0.193245,    0.290976
0.000046,    0.193530,    0.291042
0.000050,    0.193805,    0.291109
0.000054,    0.194072,    0.291177
0.000058,    0.194331,    0.291245
0.000063,    0.194582,    0.291314
0.000067,    0.194825,    0.291383
0.000071,    0.195062,    0.291453
0.000075,    0.195291,    0.291524
0.000079,    0.195515,    0.291594
0.000083,    0.195732,    0.291665
0.000088,    0.195943,    0.291735
0.000092,    0.196149,    0.291806
0.000096,    0.196349,    0.291877
0.000100,    0.196544,    0.291947
0.000104,    0.196734,    0.292018
0.000108,    0.196919,    0.292088
0.000113,    0.197100,    0.292159
0.000117,    0.197277,    0.292229
0.000121,    0.197449,    0.292299
0.000125,    0.197617,    0.292368
0.000129,    0.197781,    0.292438
0.000133,    0.197941,    0.292507
0.000138,    0.198098,    0.292576
0.000142,    0.198251,    0.292644
0.000146,    0.198401,    0.292713
0.000150,    0.198548,    0.292781
0.000154,    0.198691,    0.292848
0.000158,    0.198831,    0.292916
0.000163,    0.198969,    0.292983
0.000167,    0.199103,    0.293050
0.000171,    0.199235,    0.293116
0.000175,    0.199364,    0.293182
0.000179,    0.199491,    0.293248
0.000183,    0.199615,    0.293314
0.000188,    0.199736,    0.293379
0.000192,    0.199856,    0.293444
0.000196,    0.199973,    0.293509
0.000200,    0.200088,    0.293573
0.000204,    0.200200,    0.293638
0.000208,    0.200311,    0.293702
0.000213,    0.200420,    0.293765
0.000217,    0.200527,    0.293829
0.000221,    0.200632,    0.293892
0.000225,    0.200735,    0.293955
0.000229,    0.200837,    0.294017
0.000233,    0.200936,    0.294080
0.000238,    0.201034,    0.294142
0.000242,    0.201131,    0.294204
0.000246,    0.201226,    0.294266
0.000250,    0.201320,    0.294327
0.000254,    0.201412,    0.294389
0.000258,    0.201502,    0.294450
0.000263,    0.201592,    0.294511
0.000267,    0.201680,    0.294572
0.000271,    0.201766,    0.294632
0.000275,    0.201852,    0.294692
0.000279,    0.201936,    0.294753
0.000283,    0.202019,    0.294813
0.000288,    0.202101,    0.294872
0.000292,    0.202182,    0.294932
0.000296,    0.202262,    0.294992
0.000300,    0.202340,    0.295051
0.000304,    0.202418,    0.295110
0.000308,    0.202495,    0.295169
0.000313,    0.202571,    0.295228
0.000317,    0.202646,    0.295287
0.000321,    0.202719,    0.295345
0.000325,    0.202793,    0.295404
0.000329,    0.202865,    0.295462
0.000333,    0.202936,    0.295520
0.000338,    0.203007,    0.295578
0.000342,    0.203076,    0.295636
0.000346,    0.203146,    0.295694
0.000350,    0.203214,    0.295751
0.000354,    0.203281,    0.295809
0.000358,    0.203348,    0.295866
0.000363,    0.203414,    0.295924
0.000367,    0.203480,    0.295981
0.000371,    0.203545,    0.296038
0.000375,    0.203609,    0.296095
0.000379,    0.203672,    0.296152
0.000383,    0.203735,    0.296209
0.000388,    0.203798,    0.296265
0.000392,    0.203860,    0.296322
0.000396,    0.203921,    0.296378
0.000400,    0.203982,    0.296435
0.000404,    0.204042,    0.296491
0.000408,    0.204102,    0.296547
0.000413,    0.204161,    0.296604
0.000417,    0.204219,    0.296660
0.000421,    0.204278,    0.296716
0.000425,    0.204335,    0.296772
0.000429,    0.204393,    0.296827
0.000433,    0.204450,    0.296883
0.000438,    0.204506,    0.296939
0.000442,    0.204562,    0.296994
0.000446,    0.204617,    0.297050
0.000450,    0.204673,    0.297105
0.000454,    0.204727,    0.297161
0.000458,    0.204782,    0.297216
0.000463,    0.204836,    0.297271
0.000467,    0.204889,    0.297326
0.000471,    0.204942,    0.297382
0.000475,    0.204995,    0.297437
0.000479,    0.205048,    0.297492
0.000483,    0.205100,    0.297546
0.000488,    0.205152,    0.297601
0.000492,    0.205203,    0.297656
0.000496,    0.205255,    0.297711
0.000500,    0.205306,    0.297766
0.000504,    0.205356,    0.297820
0.000508,    0.205406,    0.297875
0.000513,    0.205456,    0.297929
0.000517,    0.205506,    0.297984
0.000521,    0.205556,    0.298038
0.000525,    0.205605,    0.298092
0.000529,    0.205654,    0.298147
0.000533,    0.205702,    0.298201
0.000538,    0.205751,    0.298255
0.000542,    0.205799,    0.298309
0.000546,    0.205846,    0.298363
0.000550,    0.205894,    0.298417
0.000554,    0.205941,    0.298471
0.000558,    0.205988,    0.298525
0.000563,    0.206035,    0.298579
0.000567,    0.206082,    0.298633
0.000571,    0.206128,    0.298687
0.000575,    0.206175,    0.298740
0.000579,    0.206221,    0.298794
0.000583,    0.206266,    0.298848
0.000588,    0.206312,    0.298901
0.000592,    0.206357,    0.298955
0.000596,    0.206402,    0.299008
0.000600,    0.206447,    0.299062
0.000604,    0.206492,    0.299115
0.000608,    0.206536,    0.299168
0.000613,    0.206581,    0.299222
0.000617,    0.206625,    0.299275
0.000621,    0.206669,    0.299328
0.000625,    0.206713,    0.299381
0.000629,    0.206756,    0.299434
0.000633,    0.206799,    0.299488
0.000638,    0.206843,    0.299541
0.000642,    0.206886,    0.299594
0.000646,    0.206929,    0.299646
0.000650,    0.206971,    0.299699
0.000654,    0.207014,    0.299752
0.000658,    0.207056,    0.299805
0.000663,    0.207098,    0.299858
0.000667,    0.207141,    0.299910
0.000671,    0.207182,    0.299963
0.000675,    0.207224,    0.300016
0.000679,    0.207266,    0.300068
0.000683,    0.207307,    0.300121
0.000688,    0.207348,    0.300173
0.000692,    0.207390,    0.300226
0.000696,    0.207431,    0.300278
0.000700,    0.207471,    0.300331
0.000704,    0.207512,    0.300383
0.000708,    0.207553,    0.300435
0.000713,    0.207593,    0.300488
0.000717,    0.207633,    0.300540
0.000721,    0.207674,    0.300592
0.000725,    0.207714,    0.300644
0.000729,    0.207753,    0.300696
0.000733,    0.207793,    0.300748
0.000738,    0.207833,    0.300800
0.000742,    0.207872,    0.300852
0.000746,    0.207912,    0.300904
0.000750,    0.207951,    0.300956
0.000754,    0.207990,    0.301008
0.000758,    0.208029,    0.301059
0.000763,    0.208068,    0.301111
0.000767,    0.208107,    0.301163
0.000771,    0.208145,    0.301215
0.000775,    0.208184,    0.301266
0.000779,    0.208222,    0.301318
0.000783,    0.208260,    0.301369
0.000788,    0.208298,    0.301421
0.000792,    0.208336,    0.301472
0.000796,    0.208374,    0.301524
0.000800,    0.208412,    0.301575
0.000804,    0.208450,    0.301626
0.000808,    0.208487,    0.301677
0.000813,    0.208525,    0.301729
0.000817,    0.208562,    0.301780
0.000821,    0.208600,    0.301831
0.000825,    0.208637,    0.301882
0.000829,    0.208674,    0.301933
0.000833,    0.208711,    0.301984
0.000838,    0.208747,    0.302035
0.000842,    0.208784,    0.302086
0.000846,    0.208821,    0.302137
0.000850,    0.208857,    0.302188
0.000854,    0.208894,    0.302239
0.000858,    0.208930,    0.302289
0.000863,    0.208966,    0.302340
0.000867,    0.209003,    0.302391
0.000871,    0.209039,    0.302441
0.000875,    0.209074,    0.302492
0.000879,    0.209110,    0.302542
0.000883,    0.209146,    0.302593
0.000888,    0.209182,    0.302643
0.000892,    0.209217,    0.302694
0.000896,    0.209253,    0.302744
0.000900,    0.209288,    0.302794
0.000904,    0.209323,    0.302845
0.000908,    0.209359,    0.302895
0.000913,    0.209394,    0.302945
0.000917,    0.209429,    0.302995
0.000921,    0.209464,    0.303045
0.000925,    0.209498,    0.303095
0.000929,    0.209533,    0.303145
0.000933,    0.209568,    0.303195
0.000938,    0.209602,    0.303245
0.000942,    0.209637,    0.303295
0.000946,    0.209671,    0.303345
0.000950,    0.209706,    0.303394
0.000954,    0.209740,    0.303444
0.000958,    0.209774,    0.303494
0.000963,    0.209808,    0.303544
0.000967,    0.209842,    0.303593
0.000971,    0.209876,    0.303643
0.000975,    0.209910,    0.303692
0.000979,    0.209943,    0.303742
0.000983,    0.209977,    0.303791
0.000988,    0.210011,    0.303840
0.000992,    0.210044,    0.303890
0.000996,    0.210078,    0.303939
0.001000,    0.210111,    0.303988
0.001004,    0.210144,    0.304037
0.001008,    0.210177,    0.304087
0.001013,    0.210210,    0.304136
0.001017,    0.210244,    0.304185
0.001021,    0.210276,    0.304234
0.001025,    0.210309,    0.304283
0.001029,    0.210342,    0.304332
0.001033,    0.210375,    0.304380
0.001038,    0.210407,    0.304429
0.001042,    0.210440,    0.304478
0.001046,    0.210473,    0.304527
0.001050,    0.210505,    0.304575
0.001054,    0.210537,    0.304624
0.001058,    0.210570,    0.304673
0.001063,    0.210602,    0.304721
0.001067,    0.210634,    0.304770
0.001071,    0.210666,    0.304818
0.001075,    0.210698,    0.304866
0.001079,    0.210730,    0.304915
0.001083,    0.210762,    0.304963
0.001088,    0.210794,    0.305011
0.001092,    0.210825,    0.305060
0.001096,    0.210857,    0.305108
0.001100,    0.210889,    0.305156
0.001104,    0.210920,    0.305204
0.001108,    0.210952,    0.305252
0.001113,    0.210983,    0.305300
0.001117,    0.211014,    0.305348
0.001121,    0.211045,    0.305396
0.001125,    0.211077,    0.305444
0.001129,    0.211108,    0.305491
0.001133,    0.211139,    0.305539
0.001138,    0.211170,    0.305587
0.001142,    0.211201,    0.305635
0.001146,    0.211232,    0.305682
0.001150,    0.211262,    0.305730
0.001154,    0.211293,    0.305777
0.001158,    0.211324,    0.305825
0.001163,    0.211354,    0.305872
0.001167,    0.211385,    0.305920
0.001171,    0.211415,    0.305967
0.001175,    0.211446,    0.306014
0.001179,    0.211476,    0.306061
0.001183,    0.211506,    0.306109
0.001188,    0.211536,    0.306156
0.001192,    0.211567,    0.306203
0.001196,    0.211597,    0.306250
0.001200,    0.211627,    0.306297
0.001204,    0.211657,    0.306344
0.001208,    0.211687,    0.306391
0.001213,    0.211717,    0.306438
0.001217,    0.211746,    0.306484
0.001221,    0.211776,    0.306531
0.001225,    0.211806,    0.306578
0.001229,    0.211835,    0.306624
0.001233,    0.211865,    0.306671
0.001238,    0.211894,    0.306718
0.001242,    0.211924,    0.306764
0.001246,    0.211953,    0.306811
0.001250,    0.211983,    0.306857
0.001254,    0.212012,    0.306904
0.001258,    0.212041,    0.306950
0.001263,    0.212070,    0.306996
0.001267,    0.212099,    0.307042
0.001271,    0.212128,    0.307089
0.001275,    0.212157,    0.307135
0.001279,    0.212186,    0.307181
0.001283,    0.212215,    0.307227
0.001288,    0.212244,    0.307273
0.001292,    0.212273,    0.307319
0.001296,    0.212301,    0.307365
0.001300,    0.212330,    0.307411
0.001304,    0.212359,    0.307456
0.001308,    0.212387,    0.307502
0.001313,    0.212416,    0.307548
0.001317,    0.212444,    0.307594
0.001321,    0.212473,    0.307639
0.001325,    0.212501,    0.307685
0.001329,    0.212529,    0.307730
0.001333,    0.212557,    0.307776
0.001338,    0.212586,    0.307821
0.001342,    0.212614,    0.307867
0.001346,    0.212642,    0.307912
0.001350,    0.212670,    0.307957
0.001354,    0.212698,    0.308003
0.001358,    0.212726,    0.308048
0.001363,    0.212754,    0.308093
0.001367,    0.212781,    0.308138
0.001371,    0.212809,    0.308183
0.001375,    0.212837,    0.308228
0.001379,    0.212865,    0.308273
0.001383,    0.212892,    0.308318
0.001388,    0.212920,    0.308363
0.001392,    0.212947,    0.308408
0.001396,    0.212975,    0.308453
0.001400,    0.213002,    0.308497
0.001404,    0.213030,    0.308542
0.001408,    0.213057,    0.308587
0.001413,    0.213084,    0.308631
0.001417,    0.213111,    0.308676
0.001421,    0.213139,    0.308720
0.001425,    0.213166,    0.308765
0.001429,    0.213193,    0.308809
0.001433,    0.213220,    0.308854
0.001438,    0.213247,    0.308898
0.001442,    0.213274,    0.308942
0.001446,    0.213301,    0.308987
0.001450,    0.213327,    0.309031
0.001454,    0.213354,    0.309075
0.001458,    0.213381,    0.309119
0.001463,    0.213408,    0.309163
0.001467,    0.213434,    0.309207
0.001471,    0.213461,    0.309251
0.001475,    0.213488,    0.309295
0.001479,    0.213514,    0.309339
0.001483,    0.213541,    0.309383
0.001488,    0.213567,    0.309426
0.001492,    0.213593,    0.309470
0.001496,    0.213620,    0.309514
0.001500,    0.213646,    0.309558
0.001504,    0.213672,    0.309601
0.001508,    0.213699,    0.309645
0.001513,    0.213725,    0.309688
0.001517,    0.213751,    0.309732
0.001521,    0.213777,    0.309775
0.001525,    0.213803,    0.309818
0.001529,    0.213829,    0.309862
0.001533,    0.213855,    0.309905
0.001538,    0.213881,    0.309948
0.001542,    0.213907,    0.309991
0.001546,    0.213933,    0.310035
0.001550,    0.213958,    0.310078
0.001554,    0.213984,    0.310121
0.001558,    0.214010,    0.310164
0.001563,    0.214035,    0.310207
0.001567,    0.214061,    0.310250
0.001571,    0.214087,    0.310292
0.001575,    0.214112,    0.310335
0.001579,    0.214138,    0.310378
0.001583,    0.214163,    0.310421
0.001588,    0.214188,    0.310463
0.001592,    0.214214,    0.310506
0.001596,    0.214239,    0.310549
0.001600,    0.214264,    0.310591
0.001604,    0.214290,    0.310634
0.001608,    0.214315,    0.310676
0.001613,    0.214340,    0.310719
0.001617,    0.214365,    0.310761
0.001621,    0.214390,    0.310803
0.001625,    0.214415,    0.310846
0.001629,    0.214440,    0.310888
0.001633,    0.214465,    0.310930
0.001638,    0.214490,    0.310972
0.001642,    0.214515,    0.311014
0.001646,    0.214540,    0.311056
0.001650,    0.214565,    0.311099
0.001654,    0.214589,    0.311140
0.001658,    0.214614,    0.311182
0.001663,    0.214639,    0.311224
0.001667,    0.214663,    0.311266
0.001671,    0.214688,    0.311308
0.001675,    0.214713,    0.311350
0.001679,    0.214737,    0.311391
0.001683,    0.214762,    0.311433
0.001688,    0.214786,    0.311475
0.001692,    0.214811,    0.311516
0.001696,    0.214835,    0.311558
0.001700,    0.214859,    0.311599
0.001704,    0.214884,    0.311641
0.001708,    0.214908,    0.311682
0.001713,    0.214932,    0.311724
0.001717,    0.214956,    0.311765
0.001721,    0.214980,    0.311806
0.001725,    0.215005,    0.311848
0.001729,    0.215029,    0.311889
0.001733,    0.215053,    0.311930
0.001738,    0.215077,    0.311971
0.001742,    0.215101,    0.312012
0.001746,    0.215125,    0.312053
0.001750,    0.215149,    0.312094
0.001754,    0.215172,    0.312135
0.001758,    0.215196,    0.312176
0.001763,    0.215220,    0.312217
0.001767,    0.215244,    0.312258
0.001771,    0.215268,    0.312298
0.001775,    0.215291,    0.312339
0.001779,    0.215315,    0.312380
0.001783,    0.215339,    0.312420
0.001788,    0.215362,    0.312461
0.001792,    0.215386,    0.312502
0.001796,    0.215409,    0.312542
0.001800,    0.215433,    0.312583
0.001804,    0.215456,    0.312623
0.001808,    0.215480,    0.312663
0.001813,    0.215503,    0.312704
0.001817,    0.215526,    0.312744
0.001821,    0.215550,    0.312784
0.001825,    0.215573,    0.312825
0.001829,    0.215596,    0.312865
0.001833,    0.215619,    0.312905
0.001838,    0.215643,    0.312945
0.001842,    0.215666,    0.312985
0.001846,    0.215689,    0.313025
0.001850,    0.215712,    0.313065
0.001854,    0.215735,    0.313105
0.001858,    0.215758,    0.313145
0.001863,    0.215781,    0.313185
0.001867,    0.215804,    0.313225
0.001871,    0.215827,    0.313264
0.001875,    0.215850,    0.313304
0.001879,    0.215873,    0.313344
0.001883,    0.215895,    0.313383
0.001888,    0.215918,    0.313423
0.001892,    0.215941,    0.313463
0.001896,    0.215964,    0.313502
0.001900,    0.215986,    0.313542
0.001904,    0.216009,    0.313581
0.001908,    0.216032,    0.313621
0.001913,    0.216054,    0.313660
0.001917,    0.216077,    0.313699
0.001921,    0.216099,    0.313739
0.001925,    0.216122,    0.313778
0.001929,    0.216144,    0.313817
0.001933,    0.216167,    0.313856
0.001938,    0.216189,    0.313895
0.001942,    0.216212,    0.313934
0.001946,    0.216234,    0.313973
0.001950,    0.216256,    0.314012
0.001954,    0.216279,    0.314051
0.001958,    0.216301,    0.314090
0.001963,    0.216323,    0.314129
0.001967,    0.216345,    0.314168
0.001971,    0.216367,    0.314207
0.001975,    0.216390,    0.314246
0.001979,    0.216412,    0.314284
0.001983,    0.216434,    0.314323
0.001988,    0.216456,    0.314362
0.001992,    0.216478,    0.314400
0.001996,    0.216500,    0.314439
0.002000,    0.216522,    0.314477
0.002004,    0.216544,    0.314516
0.002008,    0.216566,    0.314554
0.002013,    0.216587,    0.314593
0.002017,    0.216609,    0.314631
0.002021,    0.216631,    0.314670
0.002025,    0.216653,    0.314708
0.002029,    0.216675,    0.314746
0.002033,    0.216696,    0.314784
0.002038,    0.216718,    0.314823
0.002042,    0.216740,    0.314861
0.002046,    0.216761,    0.314899
0.002050,    0.216783,    0.314937
0.002054,    0.216805,    0.314975
0.002058,    0.216826,    0.315013
0.002063,    0.216848,    0.315051
0.002067,    0.216869,    0.315089
0.002071,    0.216891,    0.315127
0.002075,    0.216912,    0.315165
0.002079,    0.216933,    0.315202
0.002083,    0.216955,    0.315240
0.002088,    0.216976,    0.315278
0.002092,    0.216998,    0.315316
0.002096,    0.217019,    0.315353
0.002100,    0.217040,    0.315391
0.002104,    0.217061,    0.315428
0.002108,    0.217083,    0.315466
0.002113,    0.217104,    0.315503
0.002117,    0.217125,    0.315541
0.002121,    0.217146,    0.315578
0.002125,    0.217167,    0.315616
0.002129,    0.217188,    0.315653
0.002133,    0.217209,    0.315690
0.002138,    0.217230,    0.315728
0.002142,    0.217251,    0.315765
0.002146,    0.217272,    0.315802
0.002150,    0.217293,    0.315839
0.002154,    0.217314,    0.315876
0.002158,    0.217335,    0.315914
0.002163,    0.217356,    0.315951
0.002167,    0.217377,    0.315988
0.002171,    0.217398,    0.316025
0.002175,    0.217419,    0.316062
0.002179,    0.217439,    0.316098
0.002183,    0.217460,    0.316135
0.002188,    0.217481,    0.316172
0.002192,    0.217501,    0.316209
0.002196,    0.217522,    0.316246
0.002200,    0.217543,    0.316282
0.002204,    0.217563,    0.316319
0.002208,    0.217584,    0.316356
0.002213,    0.217605,    0.316392
0.002217,    0.217625,    0.316429
0.002221,    0.217646,    0.316466
0.002225,    0.217666,    0.316502
0.002229,    0.217687,    0.316539
0.002233,    0.217707,    0.316575
0.002238,    0.217727,    0.316611
0.002242,    0.217748,    0.316648
0.002246,    0.217768,    0.316684
0.002250,    0.217788,    0.316720
0.002254,    0.217809,    0.316757
0.002258,    0.217829,    0.316793
0.002263,    0.217849,    0.316829
0.002267,    0.217870,    0.316865
0.002271,    0.217890,    0.316901
0.002275,    0.217910,    0.316938
0.002279,    0.217930,    0.316974
0.002283,    0.217950,    0.317010
0.002288,    0.217970,    0.317046
0.002292,    0.217991,    0.317082
0.002296,    0.218011,    0.317118
0.002300,    0.218031,    0.317153
0.002304,    0.218051,    0.317189
0.002308,    0.218071,    0.317225
0.002313,    0.218091,    0.317261
0.002317,    0.218111,    0.317297
0.002321,    0.218131,    0.317332
0.002325,    0.218150,    0.317368
0.002329,    0.218170,    0.317404
0.002333,    0.218190,    0.317439
0.002338,    0.218210,    0.317475
0.002342,    0.218230,    0.317510
0.002346,    0.218250,    0.317546
0.002350,    0.218269,    0.317581
0.002354,    0.218289,    0.317617
0.002358,    0.218309,    0.317652
0.002363,    0.218329,    0.317688
0.002367,    0.218348,    0.317723
0.002371,    0.218368,    0.317758
0.002375,    0.218387,    0.317793
0.002379,    0.218407,    0.317829
0.002383,    0.218427,    0.317864
0.002388,    0.218446,    0.317899
0.002392,    0.218466,    0.317934
0.002396,    0.218485,    0.317969
0.002400,    0.218505,    0.318004
0.002404,    0.218524,    0.318039
0.002408,    0.218544,    0.318074
0.002413,    0.218563,    0.318109
0.002417,    0.218582,    0.318144
0.002421,    0.218602,    0.318179
0.002425,    0.218621,    0.318214
0.002429,    0.218641,    0.318249
0.002433,    0.218660,    0.318284
0.002438,    0.218679,    0.318318
0.002442,    0.218698,    0.318353
0.002446,    0.218718,    0.318388
0.002450,    0.218737,    0.318423
0.002454,    0.218756,    0.318457
0.002458,    0.218775,    0.318492
0.002463,    0.218794,    0.318526
0.002467,    0.218814,    0.318561
0.002471,    0.218833,    0.318595
0.002475,    0.218852,    0.318630
0.002479,    0.218871,    0.318664
0.002483,    0.218890,    0.318699
0.002488,    0.218909,    0.318733
0.002492,    0.218928,    0.318767
0.002496,    0.218947,    0.318802
0.002500,    0.218966,    0.318836
0.002504,    0.218985,    0.318870
0.002508,    0.219004,    0.318905
0.002513,    0.219023,    0.318939
0.002517,    0.219042,    0.318973
0.002521,    0.219060,    0.319007
0.002525,    0.219079,    0.319041
0.002529,    0.219098,    0.319075
0.002533,    0.219117,    0.319109
0.002538,    0.219136,    0.319143
0.002542,    0.219154,    0.319177
0.002546,    0.219173,    0.319211
0.002550,    0.219192,    0.319245
0.002554,    0.219211,    0.319279
0.002558,    0.219229,    0.319313
0.002563,    0.219248,    0.319346
0.002567,    0.219267,    0.319380
0.002571,    0.219285,    0.319414
0.002575,    0.219304,    0.319448
0.002579,    0.219322,    0.319481
0.002583,    0.219341,    0.319515
0.002588,    0.219359,    0.319549
0.002592,    0.219378,    0.319582
0.002596,    0.219396,    0.319616
0.002600,    0.219415,    0.319649
0.002604,    0.219433,    0.319683
0.002608,    0.219452,    0.319716
0.002613,    0.219470,    0.319750
0.002617,    0.219489,    0.319783
0.002621,    0.219507,    0.319816
0.002625,    0.219525,    0.319850
0.002629,    0.219544,    0.319883
0.002633,    0.219562,    0.319916
0.002638,    0.219580,    0.319950
0.002642,    0.219599,    0.319983
0.002646,    0.219617,    0.320016
0.002650,    0.219635,    0.320049
0.002654,    0.219653,    0.320082
0.002658,    0.219672,    0.320116
0.002663,    0.219690,    0.320149
0.002667,    0.219708,    0.320182
0.002671,    0.219726,    0.320215
0.002675,    0.219744,    0.320248
0.002679,    0.219762,    0.320281
0.002683,    0.219780,    0.320313
0.002688,    0.219798,    0.320346
0.002692,    0.219817,    0.320379
0.002696,    0.219835,    0.320412
0.002700,    0.219853,    0.320445
0.002704,    0.219871,    0.320478
0.002708,    0.219889,    0.320510
0.002713,    0.219907,    0.320543
0.002717,    0.219924,    0.320576
0.002721,    0.219942,    0.320608
0.002725,    0.219960,    0.320641
0.002729,    0.219978,    0.320674
0.002733,    0.219996,    0.320706
0.002738,    0.220014,    0.320739
0.002742,    0.220032,    0.320771
0.002746,    0.220050,    0.320804
0.002750,    0.220067,    0.320836
0.002754,    0.220085,    0.320869
0.002758,    0.220103,    0.320901
0.002763,    0.220121,    0.320933
0.002767,    0.220138,    0.320966
0.002771,    0.220156,    0.320998
0.002775,    0.220174,    0.321030
0.002779,    0.220191,    0.321063
0.002783,    0.220209,    0.321095
0.002788,    0.220227,    0.321127
0.002792,    0.220244,    0.321159
0.002796,    0.220262,    0.321191
0.002800,    0.220279,    0.321223
0.002804,    0.220297,    0.321255
0.002808,    0.220315,    0.321288
0.002813,    0.220332,    0.321320
0.002817,    0.220350,    0.321352
0.002821,    0.220367,    0.321384
0.002825,    0.220385,    0.321415
0.002829,    0.220402,    0.321447
0.002833,    0.220419,    0.321479
0.002838,    0.220437,    0.321511
0.002842,    0.220454,    0.321543
0.002846,    0.220472,    0.321575
0.002850,    0.220489,    0.321606
0.002854,    0.220506,    0.321638
0.002858,    0.220524,    0.321670
0.002863,    0.220541,    0.321702
0.002867,    0.220558,    0.321733
0.002871,    0.220576,    0.321765
0.002875,    0.220593,    0.321797
0.002879,    0.220610,    0.321828
0.002883,    0.220627,    0.321860
0.002888,    0.220645,    0.321891
0.002892,    0.220662,    0.321923
0.002896,    0.220679,    0.321954
0.002900,    0.220696,    0.321986
0.002904,    0.220713,    0.322017
0.002908,    0.220730,    0.322048
0.002913,    0.220748,    0.322080
0.002917,    0.220765,    0.322111
0.002921,    0.220782,    0.322142
0.002925,    0.220799,    0.322174
0.002929,    0.220816,    0.322205
0.002933,    0.220833,    0.322236
0.002938,    0.220850,    0.322267
0.002942,    0.220867,    0.322298
0.002946,    0.220884,    0.322330
0.002950,    0.220901,    0.322361
0.002954,    0.220918,    0.322392
0.002958,    0.220935,    0.322423
0.002963,    0.220952,    0.322454
0.002967,    0.220969,    0.322485
0.002971,    0.220985,    0.322516
0.002975,    0.221002,    0.322547
0.002979,    0.221019,    0.322578
0.002983,    0.221036,    0.322609
0.002988,    0.221053,    0.322640
0.002992,    0.221070,    0.322670
0.002996,    0.221086,    0.322701
0.003000,    0.221103,    0.322732
0.003004,    0.221120,    0.322763
0.003008,    0.221137,    0.322793
0.003013,    0.221153,    0.322824
0.003017,    0.221170,    0.322855
0.003021,    0.221187,    0.322886
0.003025,    0.221204,    0.322916
0.003029,    0.221220,    0.322947
0.003033,    0.221237,    0.322977
0.003038,    0.221253,    0.323008
0.003042,    0.221270,    0.323038
0.003046,    0.221287,    0.323069
0.003050,    0.221303,    0.323099
0.003054,    0.221320,    0.323130
0.003058,    0.221336,    0.323160
0.003063,    0.221353,    0.323191
0.003067,    0.221369,    0.323221
0.003071,    0.221386,    0.323251
0.003075,    0.221402,    0.323282
0.003079,    0.221419,    0.323312
0.003083,    0.221435,    0.323342
0.003088,    0.221452,    0.323373
0.003092,    0.221468,    0.323403
0.003096,    0.221485,    0.323433
0.003100,    0.221501,    0.323463
0.003104,    0.221518,    0.323493
0.003108,    0.221534,    0.323524
0.003113,    0.221550,    0.323554
0.003117,    0.221567,    0.323584
0.003121,    0.221583,    0.323614
0.003125,    0.221599,    0.323644
0.003129,    0.221616,    0.323674
0.003133,    0.221632,    0.323704
0.003138,    0.221648,    0.323734
0.003142,    0.221664,    0.323764
0.003146,    0.221681,    0.323794
0.003150,    0.221697,    0.323823
0.003154,    0.221713,    0.323853
0.003158,    0.221729,    0.323883
0.003163,    0.221745,    0.323913
0.003167,    0.221762,    0.323943
0.003171,    0.221778,    0.323972
0.003175,    0.221794,    0.324002
0.003179,    0.221810,    0.324032
0.003183,    0.221826,    0.324062
0.003188,    0.221842,    0.324091
0.003192,    0.221858,    0.324121
0.003196,    0.221874,    0.324150
0.003200,    0.221890,    0.324180
0.003204,    0.221906,    0.324210
0.003208,    0.221922,    0.324239
0.003213,    0.221939,    0.324269
0.003217,    0.221954,    0.324298
0.003221,    0.221970,    0.324328
0.003225,    0.221986,    0.324357
0.003229,    0.222002,    0.324386
0.003233,    0.222018,    0.324416
0.003238,    0.222034,    0.324445
0.003242,    0.222050,    0.324474
0.003246,    0.222066,    0.324504
0.003250,    0.222082,    0.324533
0.003254,    0.222098,    0.324562
0.003258,    0.222114,    0.324592
0.003263,    0.222130,    0.324621
0.003267,    0.222145,    0.324650
0.003271,    0.222161,    0.324679
0.003275,    0.222177,    0.324708
0.003279,    0.222193,    0.324737
0.003283,    0.222209,    0.324767
0.003288,    0.222224,    0.324796
0.003292,    0.222240,    0.324825
0.003296,    0.222256,    0.324854
0.003300,    0.222271,    0.324883
0.003304,    0.222287,    0.324912
0.003308,    0.222303,    0.324941
0.003313,    0.222319,    0.324970
0.003317,    0.222334,    0.324998
0.003321,    0.222350,    0.325027
0.003325,    0.222366,    0.325056
0.003329,    0.222381,    0.325085
0.003333,    0.222397,    0.325114
0.003338,    0.222412,    0.325143
0.003342,    0.222428,    0.325171
0.003346,    0.222444,    0.325200
0.003350,    0.222459,    0.325229
0.003354,    0.222475,    0.325258
0.003358,    0.222490,    0.325286
0.003363,    0.222506,    0.325315
0.003367,    0.222521,    0.325344
0.003371,    0.222537,    0.325372
0.003375,    0.222552,    0.325401
0.003379,    0.222568,    0.325429
0.003383,    0.222583,    0.325458
0.003388,    0.222599,    0.325486
0.003392,    0.222614,    0.325515
0.003396,    0.222629,    0.325543
0.003400,    0.222645,    0.325572
0.003404,    0.222660,    0.325600
0.003408,    0.222676,    0.325629
0.003413,    0.222691,    0.325657
0.003417,    0.222706,    0.325686
0.003421,    0.222722,    0.325714
0.003425,    0.222737,    0.325742
0.003429,    0.222752,    0.325770
0.003433,    0.222767,    0.325799
0.003438,    0.222783,    0.325827
0.003442,    0.222798,    0.325855
0.003446,    0.222813,    0.325883
0.003450,    0.222829,    0.325912
0.003454,    0.222844,    0.325940
0.003458,    0.222859,    0.325968
0.003463,    0.222874,    0.325996
0.003467,    0.222889,    0.326024
0.003471,    0.222905,    0.326052
0.003475,    0.222920,    0.326080
0.003479,    0.222935,    0.326108
0.003483,    0.222950,    0.326136
0.003488,    0.222965,    0.326164
0.003492,    0.222980,    0.326192
0.003496,    0.222995,    0.326220
0.003500,    0.223011,    0.326248
0.003504,    0.223026,    0.326276
0.003508,    0.223041,    0.326304
0.003513,    0.223056,    0.326332
0.003517,    0.223071,    0.326360
0.003521,    0.223086,    0.326387
0.003525,    0.223101,    0.326415
0.003529,    0.223116,    0.326443
0.003533,    0.223131,    0.326471
0.003538,    0.223146,    0.326499
0.003542,    0.223161,    0.326526
0.003546,    0.223176,    0.326554
0.003550,    0.223191,    0.326582
0.003554,    0.223206,    0.326609
0.003558,    0.223221,    0.326637
0.003563,    0.223236,    0.326664
0.003567,    0.223250,    0.326692
0.003571,    0.223265,    0.326720
0.003575,    0.223280,    0.326747
0.003579,    0.223295,    0.326775
0.003583,    0.223310,    0.326802
0.003588,    0.223325,    0.326830
0.003592,    0.223340,    0.326857
0.003596,    0.223354,    0.326884
0.003600,    0.223369,    0.326912
0.003604,    0.223384,    0.326939
0.003608,    0.223399,    0.326967
0.003613,    0.223414,    0.326994
0.003617,    0.223428,    0.327021
0.003621,    0.223443,    0.327049
0.003625,    0.223458,    0.327076
0.003629,    0.223473,    0.327103
0.003633,    0.223487,    0.327130
0.003638,    0.223502,    0.327158
0.003642,    0.223517,    0.327185
0.003646,    0.223531,    0.327212
0.003650,    0.223546,    0.327239
0.003654,    0.223561,    0.327266
0.003658,    0.223575,    0.327293
0.003663,    0.223590,    0.327321
0.003667,    0.223605,    0.327348
0.003671,    0.223619,    0.327375
0.003675,    0.223634,    0.327402
0.003679,    0.223648,    0.327429
0.003683,    0.223663,    0.327456
0.003688,    0.223678,    0.327483
0.003692,    0.223692,    0.327510
0.003696,    0.223707,    0.327537
0.003700,    0.223721,    0.327564
0.003704,    0.223736,    0.327590
0.003708,    0.223750,    0.327617
0.003713,    0.223765,    0.327644
0.003717,    0.223779,    0.327671
0.003721,    0.223794,    0.327698
0.003725,    0.223808,    0.327725
0.003729,    0.223823,    0.327751
0.003733,    0.223837,    0.327778
0.003738,    0.223851,    0.327805
0.003742,    0.223866,    0.327832
0.003746,    0.223880,    0.327858
0.003750,    0.223895,    0.327885
0.003754,    0.223909,    0.327912
0.003758,    0.223923,    0.327938
0.003763,    0.223938,    0.327965
0.003767,    0.223952,    0.327992
0.003771,    0.223967,    0.328018
0.003775,    0.223981,    0.328045
0.003779,    0.223995,    0.328071
0.003783,    0.224009,    0.328098
0.003788,    0.224024,    0.328124
0.003792,    0.224038,    0.328151
0.003796,    0.224052,    0.328177
0.003800,    0.224067,    0.328204
0.003804,    0.224081,    0.328230
0.003808,    0.224095,    0.328256
0.003813,    0.224109,    0.328283
0.003817,    0.224124,    0.328309
0.003821,    0.224138,    0.328336
0.003825,    0.224152,    0.328362
0.003829,    0.224166,    0.328388
0.003833,    0.224180,    0.328414
0.003838,    0.224195,    0.328441
0.003842,    0.224209,    0.328467
0.003846,    0.224223,    0.328493
0.003850,    0.224237,    0.328519
0.003854,    0.224251,    0.328546
0.003858,    0.224265,    0.328572
0.003863,    0.224279,    0.328598
0.003867,    0.224293,    0.328624
0.003871,    0.224308,    0.328650
0.003875,    0.224322,    0.328676
0.003879,    0.224336,    0.328702
0.003883,    0.224350,    0.328728
0.003888,    0.224364,    0.328754
0.003892,    0.224378,    0.328780
0.003896,    0.224392,    0.328806
0.003900,    0.224406,    0.328832
0.003904,    0.224420,    0.328858
0.003908,    0.224434,    0.328884
0.003913,    0.224448,    0.328910
0.003917,    0.224462,    0.328936
0.003921,    0.224476,    0.328962
0.003925,    0.224490,    0.328988
0.003929,    0.224504,    0.329014
0.003933,    0.224518,    0.329040
0.003938,    0.224532,    0.329065
0.003942,    0.224545,    0.329091
0.003946,    0.224559,    0.329117
0.003950,    0.224573,    0.329143
0.003954,    0.224587,    0.329169
0.003958,    0.224601,    0.329194
0.003963,    0.224615,    0.329220
0.003967,    0.224629,    0.329246
0.003971,    0.224643,    0.329271
0.003975,    0.224656,    0.329297
0.003979,    0.224670,    0.329323
0.003983,    0.224684,    0.329348
0.003988,    0.224698,    0.329374
0.003992,    0.224712,    0.329399
0.003996,    0.224725,    0.329425
0.004000,    0.224739,    0.329450
0.004004,    0.224753,    0.329476
0.004008,    0.224767,    0.329501
0.004013,    0.224780,    0.329527
0.004017,    0.224794,    0.329552
0.004021,    0.224808,    0.329578
0.004025,    0.224822,    0.329603
0.004029,    0.224835,    0.329629
0.004033,    0.224849,    0.329654
0.004038,    0.224863,    0.329679
0.004042,    0.224876,    0.329705
0.004046,    0.224890,    0.329730
0.004050,    0.224904,    0.329756
0.004054,    0.224917,    0.329781
0.004058,    0.224931,    0.329806
0.004063,    0.224945,    0.329831
0.004067,    0.224958,    0.329857
0.004071,    0.224972,    0.329882
0.004075,    0.224985,    0.329907
0.004079,    0.224999,    0.329932
0.004083,    0.225013,    0.329957
0.004088,    0.225026,    0.329983
0.004092,    0.225040,    0.330008
0.004096,    0.225053,    0.330033
0.004100,    0.225067,    0.330058
0.004104,    0.225080,    0.330083
0.004108,    0.225094,    0.330108
0.004113,    0.225107,    0.330133
0.004117,    0.225121,    0.330158
0.004121,    0.225134,    0.330183
0.004125,    0.225148,    0.330208
0.004129,    0.225161,    0.330233
0.004133,    0.225175,    0.330258
0.004138,    0.225188,    0.330283
0.004142,    0.225202,    0.330308
0.004146,    0.225215,    0.330333
0.004150,    0.225229,    0.330358
0.004154,    0.225242,    0.330383
0.004158,    0.225255,    0.330408
0.004163,    0.225269,    0.330433
0.004167,    0.225282,    0.330457
0.004171,    0.225296,    0.330482
0.004175,    0.225309,    0.330507
0.004179,    0.225322,    0.330532
0.004183,    0.225336,    0.330557
0.004188,    0.225349,    0.330581
0.004192,    0.225362,    0.330606
0.004196,    0.225376,    0.330631
0.004200,    0.225389,    0.330655
0.004204,    0.225402,    0.330680
0.004208,    0.225416,    0.330705
0.004213,    0.225429,    0.330729
0.004217,    0.225442,    0.330754
0.004221,    0.225456,    0.330779
0.004225,    0.225469,    0.330803
0.004229,    0.225482,    0.330828
0.004233,    0.225495,    0.330852
0.004238,    0.225509,    0.330877
0.004242,    0.225522,    0.330902
0.004246,    0.225535,    0.330926
0.004250,    0.225548,    0.330951
0.004254,    0.225561,    0.330975
0.004258,    0.225575,    0.330999
0.004263,    0.225588,    0.331024
0.004267,    0.225601,    0.331048
0.004271,    0.225614,    0.331073
0.004275,    0.225627,    0.331097
0.004279,    0.225640,    0.331122
0.004283,    0.225654,    0.331146
0.004288,    0.225667,    0.331170
0.004292,    0.225680,    0.331195
0.004296,    0.225693,    0.331219
0.004300,    0.225706,    0.331243
0.004304,    0.225719,    0.331268
0.004308,    0.225732,    0.331292
0.004313,    0.225745,    0.331316
0.004317,    0.225758,    0.331340
0.004321,    0.225771,    0.331364
0.004325,    0.225784,    0.331389
0.004329,    0.225798,    0.331413
0.004333,    0.225811,    0.331437
0.004338,    0.225824,    0.331461
0.004342,    0.225837,    0.331485
0.004346,    0.225850,    0.331509
0.004350,    0.225863,    0.331534
0.004354,    0.225876,    0.331558
0.004358,    0.225889,    0.331582
0.004363,    0.225902,    0.331606
0.004367,    0.225915,    0.331630
0.004371,    0.225928,    0.331654
0.004375,    0.225940,    0.331678
0.004379,    0.225953,    0.331702
0.004383,    0.225966,    0.331726
0.004388,    0.225979,    0.331750
0.004392,    0.225992,    0.331774
0.004396,    0.226005,    0.331798
0.004400,    0.226018,    0.331822
0.004404,    0.226031,    0.331845
0.004408,    0.226044,    0.331869
0.004413,    0.226057,    0.331893
0.004417,    0.226070,    0.331917
0.004421,    0.226082,    0.331941
0.004425,    0.226095,    0.331965
0.004429,    0.226108,    0.331988
0.004433,    0.226121,    0.332012
0.004438,    0.226134,    0.332036
0.004442,    0.226147,    0.332060
0.004446,    0.226159,    0.332084
0.004450,    0.226172,    0.332107
0.004454,    0.226185,    0.332131
0.004458,    0.226198,    0.332155
0.004463,    0.226210,    0.332178
0.004467,    0.226223,    0.332202
0.004471,    0.226236,    0.332226
0.004475,    0.226249,    0.332249
0.004479,    0.226262,    0.332273
0.004483,    0.226274,    0.332296
0.004488,    0.226287,    0.332320
0.004492,    0.226300,    0.332344
0.004496,    0.226312,    0.332367
0.004500,    0.226325,    0.332391
0.004504,    0.226338,    0.332414
0.004508,    0.226350,    0.332438
0.004513,    0.226363,    0.332461
0.004517,    0.226376,    0.332485
0.004521,    0.226389,    0.332508
0.004525,    0.226401,    0.332532
0.004529,    0.226414,    0.332555
0.004533,    0.226426,    0.332578
0.004538,    0.226439,    0.332602
0.004542,    0.226452,    0.332625
0.004546,    0.226464,    0.332649
0.004550,    0.226477,    0.332672
0.004554,    0.226490,    0.332695
0.004558,    0.226502,    0.332719
0.004563,    0.226515,    0.332742
0.004567,    0.226527,    0.332765
0.004571,    0.226540,    0.332789
0.004575,    0.226552,    0.332812
0.004579,    0.226565,    0.332835
0.004583,    0.226577,    0.332858
0.004588,    0.226590,    0.332882
0.004592,    0.226603,    0.332905
0.004596,    0.226615,    0.332928
0.004600,    0.226628,    0.332951
0.004604,    0.226640,    0.332974
0.004608,    0.226653,    0.332997
0.004613,    0.226665,    0.333021
0.004617,    0.226678,    0.333044
0.004621,    0.226690,    0.333067
0.004625,    0.226702,    0.333090
0.004629,    0.226715,    0.333113
0.004633,    0.226727,    0.333136
0.004638,    0.226740,    0.333159
0.004642,    0.226752,    0.333182
0.004646,    0.226765,    0.333205
0.004650,    0.226777,    0.333228
0.004654,    0.226790,    0.333251
0.004658,    0.226802,    0.333274
0.004663,    0.226814,    0.333297
0.004667,    0.226827,    0.333320
0.004671,    0.226839,    0.333343
0.004675,    0.226851,    0.333366
0.004679,    0.226864,    0.333389
0.004683,    0.226876,    0.333412
0.004688,    0.226889,    0.333434
0.004692,    0.226901,    0.333457
0.004696,    0.226913,    0.333480
0.004700,    0.226926,    0.333503
0.004704,    0.226938,    0.333526
0.004708,    0.226950,    0.333549
0.004713,    0.226963,    0.333571
0.004717,    0.226975,    0.333594
0.004721,    0.226987,    0.333617
0.004725,    0.226999,    0.333640
0.004729,    0.227012,    0.333662
0.004733,    0.227024,    0.333685
0.004738,    0.227036,    0.333708
0.004742,    0.227048,    0.333730
0.004746,    0.227061,    0.333753
0.004750,    0.227073,    0.333776
0.004754,    0.227085,    0.333798
0.004758,    0.227097,    0.333821
0.004763,    0.227110,    0.333844
0.004767,    0.227122,    0.333866
0.004771,    0.227134,    0.333889
0.004775,    0.227146,    0.333911
0.004779,    0.227158,    0.333934
0.004783,    0.227171,    0.333957
0.004788,    0.227183,    0.333979
0.004792,    0.227195,    0.334002
0.004796,    0.227207,    0.334024
0.004800,    0.227219,    0.334047
0.004804,    0.227231,    0.334069
0.004808,    0.227244,    0.334092
0.004813,    0.227256,    0.334114
0.004817,    0.227268,    0.334136
0.004821,    0.227280,    0.334159
0.004825,    0.227292,    0.334181
0.004829,    0.227304,    0.334204
0.004833,    0.227316,    0.334226
0.004838,    0.227328,    0.334248
0.004842,    0.227340,    0.334271
0.004846,    0.227352,    0.334293
0.004850,    0.227365,    0.334315
0.004854,    0.227377,    0.334338
0.004858,    0.227389,    0.334360
0.004863,    0.227401,    0.334382
0.004867,    0.227413,    0.334405
0.004871,    0.227425,    0.334427
0.004875,    0.227437,    0.334449
0.004879,    0.227449,    0.334471
0.004883,    0.227461,    0.334493
0.004888,    0.227473,    0.334516
0.004892,    0.227485,    0.334538
0.004896,    0.227497,    0.334560
0.004900,    0.227509,    0.334582
0.004904,    0.227521,    0.334604
0.004908,    0.227533,    0.334626
0.004913,    0.227545,    0.334649
0.004917,    0.227557,    0.334671
0.004921,    0.227569,    0.334693
0.004925,    0.227581,    0.334715
0.004929,    0.227592,    0.334737
0.004933,    0.227604,    0.334759
0.004938,    0.227616,    0.334781
0.004942,    0.227628,    0.334803
0.004946,    0.227640,    0.334825
0.004950,    0.227652,    0.334847
0.004954,    0.227664,    0.334869
0.004958,    0.227676,    0.334891
0.004963,    0.227688,    0.334913
0.004967,    0.227700,    0.334935
0.004971,    0.227711,    0.334957
0.004975,    0.227723,    0.334979
0.004979,    0.227735,    0.335001
0.004983,    0.227747,    0.335023
0.004988,    0.227759,    0.335045
0.004992,    0.227771,    0.335066
0.004996,    0.227782,    0.335088
0.005000,    0.227794,    0.335110
0.005004,    0.227806,    0.335132
0.005008,    0.227818,    0.335154
0.005013,    0.227830,    0.335176
0.005017,    0.227842,    0.335197
0.005021,    0.227853,    0.335219
0.005025,    0.227865,    0.335241
0.005029,    0.227877,    0.335263
0.005033,    0.227889,    0.335284
0.005038,    0.227900,    0.335306
0.005042,    0.227912,    0.335328
0.005046,    0.227924,    0.335350
0.005050,    0.227936,    0.335371
0.005054,    0.227947,    0.335393
0.005058,    0.227959,    0.335415
0.005063,    0.227971,    0.335436
0.005067,    0.227982,    0.335458
0.005071,    0.227994,    0.335479
0.005075,    0.228006,    0.335501
0.005079,    0.228018,    0.335523
0.005083,    0.228029,    0.335544
0.005088,    0.228041,    0.335566
0.005092,    0.228053,    0.335587
0.005096,    0.228064,    0.335609
0.005100,    0.228076,    0.335630
0.005104,    0.228088,    0.335652
0.005108,    0.228099,    0.335673
0.005113,    0.228111,    0.335695
0.005117,    0.228123,    0.335716
0.005121,    0.228134,    0.335738
0.005125,    0.228146,    0.335759
0.005129,    0.228157,    0.335781
0.005133,    0.228169,    0.335802
0.005138,    0.228181,    0.335824
0.005142,    0.228192,    0.335845
0.005146,    0.228204,    0.335867
0.005150,    0.228215,    0.335888
0.005154,    0.228227,    0.335909
0.005158,    0.228239,    0.335931
0.005163,    0.228250,    0.335952
0.005167,    0.228262,    0.335973
0.005171,    0.228273,    0.335995
0.005175,    0.228285,    0.336016
0.005179,    0.228296,    0.336037
0.005183,    0.228308,    0.336059
0.005188,    0.228319,    0.336080
0.005192,    0.228331,    0.336101
0.005196,    0.228342,    0.336122
0.005200,    0.228354,    0.336144
0.005204,    0.228365,    0.336165
0.005208,    0.228377,    0.336186
0.005213,    0.228388,    0.336207
0.005217,    0.228400,    0.336228
0.005221,    0.228411,    0.336250
0.005225,    0.228423,    0.336271
0.005229,    0.228434,    0.336292
0.005233,    0.228446,    0.336313
0.005238,    0.228457,    0.336334
0.005242,    0.228469,    0.336355
0.005246,    0.228480,    0.336376
0.005250,    0.228491,    0.336397
0.005254,    0.228503,    0.336419
0.005258,    0.228514,    0.336440
0.005263,    0.228526,    0.336461
0.005267,    0.228537,    0.336482
0.005271,    0.228548,    0.336503
0.005275,    0.228560,    0.336524
0.005279,    0.228571,    0.336545
0.005283,    0.228583,    0.336566
0.005288,    0.228594,    0.336587
0.005292,    0.228605,    0.336608
0.005296,    0.228617,    0.336629
0.005300,    0.228628,    0.336650
0.005304,    0.228639,    0.336671
0.005308,    0.228651,    0.336691
0.005313,    0.228662,    0.336712
0.005317,    0.228673,    0.336733
0.005321,    0.228685,    0.336754
0.005325,    0.228696,    0.336775
0.005329,    0.228707,    0.336796
0.005333,    0.228719,    0.336817
0.005338,    0.228730,    0.336838
0.005342,    0.228741,    0.336858
0.005346,    0.228753,    0.336879
0.005350,    0.228764,    0.336900
0.005354,    0.228775,    0.336921
0.005358,    0.228786,    0.336942
0.005363,    0.228798,    0.336962
0.005367,    0.228809,    0.336983
0.005371,    0.228820,    0.337004
0.005375,    0.228832,    0.337025
0.005379,    0.228843,    0.337045
0.005383,    0.228854,    0.337066
0.005388,    0.228865,    0.337087
0.005392,    0.228876,    0.337107
0.005396,    0.228888,    0.337128
0.005400,    0.228899,    0.337149
0.005404,    0.228910,    0.337169
0.005408,    0.228921,    0.337190
0.005413,    0.228933,    0.337211
0.005417,    0.228944,    0.337231
0.005421,    0.228955,    0.337252
0.005425,    0.228966,    0.337273
0.005429,    0.228977,    0.337293
0.005433,    0.228988,    0.337314
0.005438,    0.229000,    0.337334
0.005442,    0.229011,    0.337355
0.005446,    0.229022,    0.337375
0.005450,    0.229033,    0.337396
0.005454,    0.229044,    0.337416
0.005458,    0.229055,    0.337437
0.005463,    0.229066,    0.337457
0.005467,    0.229078,    0.337478
0.005471,    0.229089,    0.337498
0.005475,    0.229100,    0.337519
0.005479,    0.229111,    0.337539
0.005483,    0.229122,    0.337560
0.005488,    0.229133,    0.337580
0.005492,    0.229144,    0.337601
0.005496,    0.229155,    0.337621
0.005500,    0.229166,    0.337641
0.005504,    0.229177,    0.337662
0.005508,    0.229188,    0.337682
0.005513,    0.229199,    0.337702
0.005517,    0.229211,    0.337723
0.005521,    0.229222,    0.337743
0.005525,    0.229233,    0.337763
0.005529,    0.229244,    0.337784
0.005533,    0.229255,    0.337804
0.005538,    0.229266,    0.337824
0.005542,    0.229277,    0.337845
0.005546,    0.229288,    0.337865
0.005550,    0.229299,    0.337885
0.005554,    0.229310,    0.337905
0.005558,    0.229321,    0.337926
0.005563,    0.229332,    0.337946
0.005567,    0.229343,    0.337966
0.005571,    0.229354,    0.337986
0.005575,    0.229365,    0.338007
0.005579,    0.229376,    0.338027
0.005583,    0.229387,    0.338047
0.005588,    0.229398,    0.338067
0.005592,    0.229408,    0.338087
0.005596,    0.229419,    0.338107
0.005600,    0.229430,    0.338127
0.005604,    0.229441,    0.338148
0.005608,    0.229452,    0.338168
0.005613,    0.229463,    0.338188
0.005617,    0.229474,    0.338208
0.005621,    0.229485,    0.338228
0.005625,    0.229496,    0.338248
0.005629,    0.229507,    0.338268
0.005633,    0.229518,    0.338288
0.005638,    0.229529,    0.338308
0.005642,    0.229539,    0.338328
0.005646,    0.229550,    0.338348
0.005650,    0.229561,    0.338368
0.005654,    0.229572,    0.338388
0.005658,    0.229583,    0.338408
0.005663,    0.229594,    0.338428
0.005667,    0.229605,    0.338448
0.005671,    0.229616,    0.338468
0.005675,    0.229626,    0.338488
0.005679,    0.229637,    0.338508
0.005683,    0.229648,    0.338528
0.005688,    0.229659,    0.338548
0.005692,    0.229670,    0.338568
0.005696,    0.229680,    0.338587
0.005700,    0.229691,    0.338607
0.005704,    0.229702,    0.338627
0.005708,    0.229713,    0.338647
0.005713,    0.229724,    0.338667
0.005717,    0.229734,    0.338687
0.005721,    0.229745,    0.338706
0.005725,    0.229756,    0.338726
0.005729,    0.229767,    0.338746
0.005733,    0.229778,    0.338766
0.005738,    0.229788,    0.338786
0.005742,    0.229799,    0.338805
0.005746,    0.229810,    0.338825
0.005750,    0.229821,    0.338845
0.005754,    0.229831,    0.338865
0.005758,    0.229842,    0.338884
0.005763,    0.229853,    0.338904
0.005767,    0.229863,    0.338924
0.005771,    0.229874,    0.338943
0.005775,    0.229885,    0.338963
0.005779,    0.229896,    0.338983
0.005783,    0.229906,    0.339002
0.005788,    0.229917,    0.339022
0.005792,    0.229928,    0.339042
0.005796,    0.229938,    0.339061
0.005800,    0.229949,    0.339081
0.005804,    0.229960,    0.339101
0.005808,    0.229970,    0.339120
0.005813,    0.229981,    0.339140
0.005817,    0.229992,    0.339159
0.005821,    0.230002,    0.339179
0.005825,    0.230013,    0.339199
0.005829,    0.230024,    0.339218
0.005833,    0.230034,    0.339238
0.005838,    0.230045,    0.339257
0.005842,    0.230056,    0.339277
0.005846,    0.230066,    0.339296
0.005850,    0.230077,    0.339316
0.005854,    0.230087,    0.339335
0.005858,    0.230098,    0.339355
0.005863,    0.230109,    0.339374
0.005867,    0.230119,    0.339394
0.005871,    0.230130,    0.339413
0.005875,    0.230140,    0.339432
0.005879,    0.230151,    0.339452
0.005883,    0.230162,    0.339471
0.005888,    0.230172,    0.339491
0.005892,    0.230183,    0.339510
0.005896,    0.230193,    0.339529
0.005900,    0.230204,    0.339549
0.005904,    0.230214,    0.339568
0.005908,    0.230225,    0.339588
0.005913,    0.230236,    0.339607
0.005917,    0.230246,    0.339626
0.005921,    0.230257,    0.339646
0.005925,    0.230267,    0.339665
0.005929,    0.230278,    0.339684
0.005933,    0.230288,    0.339703
0.005938,    0.230299,    0.339723
0.005942,    0.230309,    0.339742
0.005946,    0.230320,    0.339761
0.005950,    0.230330,    0.339781
0.005954,    0.230341,    0.339800
0.005958,    0.230351,    0.339819
0.005963,    0.230362,    0.339838
0.005967,    0.230372,    0.339858
0.005971,    0.230383,    0.339877
0.005975,    0.230393,    0.339896
0.005979,    0.230404,    0.339915
0.005983,    0.230414,    0.339934
0.005988,    0.230424,    0.339953
0.005992,    0.230435,    0.339973
0.005996,    0.230445,    0.339992
0.006000,    0.230456,    0.340011
0.006004,    0.230466,    0.340030
0.006008,    0.230477,    0.340049
0.006013,    0.230487,    0.340068
0.006017,    0.230498,    0.340087
0.006021,    0.230508,    0.340106
0.006025,    0.230518,    0.340126
0.006029,    0.230529,    0.340145
0.006033,    0.230539,    0.340164
0.006038,    0.230550,    0.340183
0.006042,    0.230560,    0.340202
0.006046,    0.230570,    0.340221
0.006050,    0.230581,    0.340240
0.006054,    0.230591,    0.340259
0.006058,    0.230601,    0.340278
0.006063,    0.230612,    0.340297
0.006067,    0.230622,    0.340316
0.006071,    0.230633,    0.340335
0.006075,    0.230643,    0.340354
0.006079,    0.230653,    0.340373
0.006083,    0.230664,    0.340392
0.006088,    0.230674,    0.340411
0.006092,    0.230684,    0.340430
0.006096,    0.230695,    0.340448
0.006100,    0.230705,    0.340467
0.006104,    0.230715,    0.340486
0.006108,    0.230726,    0.340505
0.006113,    0.230736,    0.340524
0.006117,    0.230746,    0.340543
0.006121,    0.230756,    0.340562
0.006125,    0.230767,    0.340581
0.006129,    0.230777,    0.340599
0.006133,    0.230787,    0.340618
0.006138,    0.230798,    0.340637
0.006142,    0.230808,    0.340656
0.006146,    0.230818,    0.340675
0.006150,    0.230828,    0.340694
0.006154,    0.230839,    0.340712
0.006158,    0.230849,    0.340731
0.006163,    0.230859,    0.340750
0.006167,    0.230869,    0.340769
0.006171,    0.230880,    0.340787
0.006175,    0.230890,    0.340806
0.006179,    0.230900,    0.340825
0.006183,    0.230910,    0.340844
0.006188,    0.230921,    0.340862
0.006192,    0.230931,    0.340881
0.006196,    0.230941,    0.340900
0.006200,    0.230951,    0.340918
0.006204,    0.230961,    0.340937
0.006208,    0.230972,    0.340956
0.006213,    0.230982,    0.340974
0.006217,    0.230992,    0.340993
0.006221,    0.231002,    0.341012
0.006225,    0.231012,    0.341030
0.006229,    0.231023,    0.341049
0.006233,    0.231033,    0.341068
0.006238,    0.231043,    0.341086
0.006242,    0.231053,    0.341105
0.006246,    0.231063,    0.341123
0.006250,    0.231073,    0.341142
0.006254,    0.231084,    0.341160
0.006258,    0.231094,    0.341179
0.006263,    0.231104,    0.341198
0.006267,    0.231114,    0.341216
0.006271,    0.231124,    0.341235
0.006275,    0.231134,    0.341253
0.006279,    0.231144,    0.341272
0.006283,    0.231154,    0.341290
0.006288,    0.231165,    0.341309
0.006292,    0.231175,    0.341327
0.006296,    0.231185,    0.341346
0.006300,    0.231195,    0.341364
0.006304,    0.231205,    0.341383
0.006308,    0.231215,    0.341401
0.006313,    0.231225,    0.341419
0.006317,    0.231235,    0.341438
0.006321,    0.231245,    0.341456
0.006325,    0.231255,    0.341475
0.006329,    0.231265,    0.341493
0.006333,    0.231276,    0.341511
0.006338,    0.231286,    0.341530
0.006342,    0.231296,    0.341548
0.006346,    0.231306,    0.341567
0.006350,    0.231316,    0.341585
0.006354,    0.231326,    0.341603
0.006358,    0.231336,    0.341622
0.006363,    0.231346,    0.341640
0.006367,    0.231356,    0.341658
0.006371,    0.231366,    0.341677
0.006375,    0.231376,    0.341695
0.006379,    0.231386,    0.341713
0.006383,    0.231396,    0.341732
0.006388,    0.231406,    0.341750
0.006392,    0.231416,    0.341768
0.006396,    0.231426,    0.341786
0.006400,    0.231436,    0.341805
0.006404,    0.231446,    0.341823
0.006408,    0.231456,    0.341841
0.006413,    0.231466,    0.341859
0.006417,    0.231476,    0.341878
0.006421,    0.231486,    0.341896
0.006425,    0.231496,    0.341914
0.006429,    0.231506,    0.341932
0.006433,    0.231516,    0.341950
0.006438,    0.231526,    0.341969
0.006442,    0.231536,    0.341987
0.006446,    0.231546,    0.342005
0.006450,    0.231555,    0.342023
0.006454,    0.231565,    0.342041
0.006458,    0.231575,    0.342059
0.006463,    0.231585,    0.342077
0.006467,    0.231595,    0.342096
0.006471,    0.231605,    0.342114
0.006475,    0.231615,    0.342132
0.006479,    0.231625,    0.342150
0.006483,    0.231635,    0.342168
0.006488,    0.231645,    0.342186
0.006492,    0.231655,    0.342204
0.006496,    0.231665,    0.342222
0.006500,    0.231674,    0.342240
0.006504,    0.231684,    0.342258
0.006508,    0.231694,    0.342276
0.006513,    0.231704,    0.342294
0.006517,    0.231714,    0.342312
0.006521,    0.231724,    0.342330
0.006525,    0.231734,    0.342348
0.006529,    0.231744,    0.342366
0.006533,    0.231753,    0.342384
0.006538,    0.231763,    0.342402
0.006542,    0.231773,    0.342420
0.006546,    0.231783,    0.342438
0.006550,    0.231793,    0.342456
0.006554,    0.231803,    0.342474
0.006558,    0.231812,    0.342492
0.006563,    0.231822,    0.342510
0.006567,    0.231832,    0.342528
0.006571,    0.231842,    0.342546
0.006575,    0.231852,    0.342564
0.006579,    0.231861,    0.342581
0.006583,    0.231871,    0.342599
0.006588,    0.231881,    0.342617
0.006592,    0.231891,    0.342635
0.006596,    0.231901,    0.342653
0.006600,    0.231910,    0.342671
0.006604,    0.231920,    0.342689
0.006608,    0.231930,    0.342706
0.006613,    0.231940,    0.342724
0.006617,    0.231950,    0.342742
0.006621,    0.231959,    0.342760
0.006625,    0.231969,    0.342778
0.006629,    0.231979,    0.342795
0.006633,    0.231989,    0.342813
0.006638,    0.231998,    0.342831
0.006642,    0.232008,    0.342849
0.006646,    0.232018,    0.342866
0.006650,    0.232028,    0.342884
0.006654,    0.232037,    0.342902
0.006658,    0.232047,    0.342920
0.006663,    0.232057,    0.342937
0.006667,    0.232066,    0.342955
0.006671,    0.232076,    0.342973
0.006675,    0.232086,    0.342991
0.006679,    0.232096,    0.343008
0.006683,    0.232105,    0.343026
0.006688,    0.232115,    0.343044
0.006692,    0.232125,    0.343061
0.006696,    0.232134,    0.343079
0.006700,    0.232144,    0.343097
0.006704,    0.232154,    0.343114
0.006708,    0.232163,    0.343132
0.006713,    0.232173,    0.343149
0.006717,    0.232183,    0.343167
0.006721,    0.232192,    0.343185
0.006725,    0.232202,    0.343202
0.006729,    0.232212,    0.343220
0.006733,    0.232221,    0.343237
0.006738,    0.232231,    0.343255
0.006742,    0.232241,    0.343273
0.006746,    0.232250,    0.343290
0.006750,    0.232260,    0.343308
0.006754,    0.232270,    0.343325
0.006758,    0.232279,    0.343343
0.006763,    0.232289,    0.343360
0.006767,    0.232299,    0.343378
0.006771,    0.232308,    0.343395
0.006775,    0.232318,    0.343413
0.006779,    0.232327,    0.343430
0.006783,    0.232337,    0.343448
0.006788,    0.232347,    0.343465
0.006792,    0.232356,    0.343483
0.006796,    0.232366,    0.343500
0.006800,    0.232375,    0.343518
0.006804,    0.232385,    0.343535
0.006808,    0.232395,    0.343553
0.006813,    0.232404,    0.343570
0.006817,    0.232414,    0.343587
0.006821,    0.232423,    0.343605
0.006825,    0.232433,    0.343622
0.006829,    0.232442,    0.343640
0.006833,    0.232452,    0.343657
0.006838,    0.232462,    0.343674
0.006842,    0.232471,    0.343692
0.006846,    0.232481,    0.343709
0.006850,    0.232490,    0.343727
0.006854,    0.232500,    0.343744
0.006858,    0.232509,    0.343761
0.006863,    0.232519,    0.343779
0.006867,    0.232528,    0.343796
0.006871,    0.232538,    0.343813
0.006875,    0.232547,    0.343831
0.006879,    0.232557,    0.343848
0.006883,    0.232566,    0.343865
0.006888,    0.232576,    0.343882
0.006892,    0.232585,    0.343900
0.006896,    0.232595,    0.343917
0.006900,    0.232604,    0.343934
0.006904,    0.232614,    0.343952
0.006908,    0.232623,    0.343969
0.006913,    0.232633,    0.343986
0.006917,    0.232642,    0.344003
0.006921,    0.232652,    0.344021
0.006925,    0.232661,    0.344038
0.006929,    0.232671,    0.344055
0.006933,    0.232680,    0.344072
0.006938,    0.232690,    0.344089
0.006942,    0.232699,    0.344107
0.006946,    0.232709,    0.344124
0.006950,    0.232718,    0.344141
0.006954,    0.232727,    0.344158
0.006958,    0.232737,    0.344175
0.006963,    0.232746,    0.344192
0.006967,    0.232756,    0.344210
0.006971,    0.232765,    0.344227
0.006975,    0.232775,    0.344244
0.006979,    0.232784,    0.344261
0.006983,    0.232793,    0.344278
0.006988,    0.232803,    0.344295
0.006992,    0.232812,    0.344312
0.006996,    0.232822,    0.344329
0.007000,    0.232831,    0.344346
0.007004,    0.232840,    0.344364
0.007008,    0.232850,    0.344381
0.007013,    0.232859,    0.344398
0.007017,    0.232869,    0.344415
0.007021,    0.232878,    0.344432
0.007025,    0.232887,    0.344449
0.007029,    0.232897,    0.344466
0.007033,    0.232906,    0.344483
0.007038,    0.232916,    0.344500
0.007042,    0.232925,    0.344517
0.007046,    0.232934,    0.344534
0.007050,    0.232944,    0.344551
0.007054,    0.232953,    0.344568
0.007058,    0.232962,    0.344585
0.007063,    0.232972,    0.344602
0.007067,    0.232981,    0.344619
0.007071,    0.232990,    0.344636
0.007075,    0.233000,    0.344653
0.007079,    0.233009,    0.344670
0.007083,    0.233018,    0.344687
0.007088,    0.233028,    0.344704
0.007092,    0.233037,    0.344720
0.007096,    0.233046,    0.344737
0.007100,    0.233056,    0.344754
0.007104,    0.233065,    0.344771
0.007108,    0.233074,    0.344788
0.007113,    0.233084,    0.344805
0.007117,    0.233093,    0.344822
0.007121,    0.233102,    0.344839
0.007125,    0.233111,    0.344856
0.007129,    0.233121,    0.344872
0.007133,    0.233130,    0.344889
0.007138,    0.233139,    0.344906
0.007142,    0.233149,    0.344923
0.007146,    0.233158,    0.344940
0.007150,    0.233167,    0.344957
0.007154,    0.233176,    0.344973
0.007158,    0.233186,    0.344990
0.007163,    0.233195,    0.345007
0.007167,    0.233204,    0.345024
0.007171,    0.233213,    0.345041
0.007175,    0.233223,    0.345057
0.007179,    0.233232,    0.345074
0.007183,    0.233241,    0.345091
0.007188,    0.233250,    0.345108
0.007192,    0.233260,    0.345124
0.007196,    0.233269,    0.345141
0.007200,    0.233278,    0.345158
0.007204,    0.233287,    0.345175
0.007208,    0.233297,    0.345191
0.007213,    0.233306,    0.345208
0.007217,    0.233315,    0.345225
0.007221,    0.233324,    0.345241
0.007225,    0.233333,    0.345258
0.007229,    0.233343,    0.345275
0.007233,    0.233352,    0.345291
0.007238,    0.233361,    0.345308
0.007242,    0.233370,    0.345325
0.007246,    0.233379,    0.345341
0.007250,    0.233389,    0.345358
0.007254,    0.233398,    0.345375
0.007258,    0.233407,    0.345391
0.007263,    0.233416,    0.345408
0.007267,    0.233425,    0.345425
0.007271,    0.233434,    0.345441
0.007275,    0.233444,    0.345458
0.007279,    0.233453,    0.345474
0.007283,    0.233462,    0.345491
0.007288,    0.233471,    0.345508
0.007292,    0.233480,    0.345524
0.007296,    0.233489,    0.345541
0.007300,    0.233498,    0.345557
0.007304,    0.233508,    0.345574
0.007308,    0.233517,    0.345590
0.007313,    0.233526,    0.345607
0.007317,    0.233535,    0.345623
0.007321,    0.233544,    0.345640
0.007325,    0.233553,    0.345657
0.007329,    0.233562,    0.345673
0.007333,    0.233571,    0.345690
0.007338,    0.233581,    0.345706
0.007342,    0.233590,    0.345723
0.007346,    0.233599,    0.345739
0.007350,    0.233608,    0.345756
0.007354,    0.233617,    0.345772
0.007358,    0.233626,    0.345788
0.007363,    0.233635,    0.345805
0.007367,    0.233644,    0.345821
0.007371,    0.233653,    0.345838
0.007375,    0.233662,    0.345854
0.007379,    0.233671,    0.345871
0.007383,    0.233680,    0.345887
0.007388,    0.233690,    0.345904
0.007392,    0.233699,    0.345920
0.007396,    0.233708,    0.345936
0.007400,    0.233717,    0.345953
0.007404,    0.233726,    0.345969
0.007408,    0.233735,    0.345986
0.007413,    0.233744,    0.346002
0.007417,    0.233753,    0.346018
0.007421,    0.233762,    0.346035
0.007425,    0.233771,    0.346051
0.007429,    0.233780,    0.346067
0.007433,    0.233789,    0.346084
0.007438,    0.233798,    0.346100
0.007442,    0.233807,    0.346116
0.007446,    0.233816,    0.346133
0.007450,    0.233825,    0.346149
0.007454,    0.233834,    0.346165
0.007458,    0.233843,    0.346182
0.007463,    0.233852,    0.346198
0.007467,    0.233861,    0.346214
0.007471,    0.233870,    0.346230
0.007475,    0.233879,    0.346247
0.007479,    0.233888,    0.346263
0.007483,    0.233897,    0.346279
0.007488,    0.233906,    0.346295
0.007492,    0.233915,    0.346312
0.007496,    0.233924,    0.346328
0.007500,    0.233933,    0.346344
0.007504,    0.233942,    0.346360
0.007508,    0.233951,    0.346377
0.007513,    0.233960,    0.346393
0.007517,    0.233969,    0.346409
0.007521,    0.233978,    0.346425
0.007525,    0.233987,    0.346441
0.007529,    0.233996,    0.346458
0.007533,    0.234005,    0.346474
0.007538,    0.234014,    0.346490
0.007542,    0.234023,    0.346506
0.007546,    0.234032,    0.346522
0.007550,    0.234040,    0.346538
0.007554,    0.234049,    0.346555
0.007558,    0.234058,    0.346571
0.007563,    0.234067,    0.346587
0.007567,    0.234076,    0.346603
0.007571,    0.234085,    0.346619
0.007575,    0.234094,    0.346635
0.007579,    0.234103,    0.346651
0.007583,    0.234112,    0.346667
0.007588,    0.234121,    0.346684
0.007592,    0.234130,    0.346700
0.007596,    0.234138,    0.346716
0.007600,    0.234147,    0.346732
0.007604,    0.234156,    0.346748
0.007608,    0.234165,    0.346764
0.007613,    0.234174,    0.346780
0.007617,    0.234183,    0.346796
0.007621,    0.234192,    0.346812
0.007625,    0.234201,    0.346828
0.007629,    0.234210,    0.346844
0.007633,    0.234218,    0.346860
0.007638,    0.234227,    0.346876
0.007642,    0.234236,    0.346892
0.007646,    0.234245,    0.346908
0.007650,    0.234254,    0.346924
0.007654,    0.234263,    0.346940
0.007658,    0.234272,    0.346956
0.007663,    0.234280,    0.346972
0.007667,    0.234289,    0.346988
0.007671,    0.234298,    0.347004
0.007675,    0.234307,    0.347020
0.007679,    0.234316,    0.347036
0.007683,    0.234325,    0.347052
0.007688,    0.234333,    0.347068
0.007692,    0.234342,    0.347084
0.007696,    0.234351,    0.347100
0.007700,    0.234360,    0.347116
0.007704,    0.234369,    0.347132
0.007708,    0.234377,    0.347147
0.007713,    0.234386,    0.347163
0.007717,    0.234395,    0.347179
0.007721,    0.234404,    0.347195
0.007725,    0.234413,    0.347211
0.007729,    0.234421,    0.347227
0.007733,    0.234430,    0.347243
0.007738,    0.234439,    0.347259
0.007742,    0.234448,    0.347274
0.007746,    0.234457,    0.347290
0.007750,    0.234465,    0.347306
0.007754,    0.234474,    0.347322
0.007758,    0.234483,    0.347338
0.007763,    0.234492,    0.347354
0.007767,    0.234500,    0.347369
0.007771,    0.234509,    0.347385
0.007775,    0.234518,    0.347401
0.007779,    0.234527,    0.347417
0.007783,    0.234535,    0.347433
0.007788,    0.234544,    0.347448
0.007792,    0.234553,    0.347464
0.007796,    0.234562,    0.347480
0.007800,    0.234570,    0.347496
0.007804,    0.234579,    0.347512
0.007808,    0.234588,    0.347527
0.007813,    0.234597,    0.347543
0.007817,    0.234605,    0.347559
0.007821,    0.234614,    0.347575
0.007825,    0.234623,    0.347590
0.007829,    0.234631,    0.347606
0.007833,    0.234640,    0.347622
0.007838,    0.234649,    0.347637
0.007842,    0.234658,    0.347653
0.007846,    0.234666,    0.347669
0.007850,    0.234675,    0.347684
0.007854,    0.234684,    0.347700
0.007858,    0.234692,    0.347716
0.007863,    0.234701,    0.347732
0.007867,    0.234710,    0.347747
0.007871,    0.234718,    0.347763
0.007875,    0.234727,    0.347779
0.007879,    0.234736,    0.347794
0.007883,    0.234744,    0.347810
0.007888,    0.234753,    0.347825
0.007892,    0.234762,    0.347841
0.007896,    0.234770,    0.347857
0.007900,    0.234779,    0.347872
0.007904,    0.234788,    0.347888
0.007908,    0.234796,    0.347904
0.007913,    0.234805,    0.347919
0.007917,    0.234814,    0.347935
0.007921,    0.234822,    0.347950
0.007925,    0.234831,    0.347966
0.007929,    0.234840,    0.347981
0.007933,    0.234848,    0.347997
0.007938,    0.234857,    0.348013
0.007942,    0.234865,    0.348028
0.007946,    0.234874,    0.348044
0.007950,    0.234883,    0.348059
0.007954,    0.234891,    0.348075
0.007958,    0.234900,    0.348090
0.007963,    0.234909,    0.348106
0.007967,    0.234917,    0.348121
0.007971,    0.234926,    0.348137
0.007975,    0.234934,    0.348152
0.007979,    0.234943,    0.348168
0.007983,    0.234952,    0.348183
0.007988,    0.234960,    0.348199
0.007992,    0.234969,    0.348214
0.007996,    0.234977,    0.348230
0.008000,    0.234986,    0.348245
0.008004,    0.234995,    0.348261
0.008008,    0.235003,    0.348276
0.008013,    0.235012,    0.348292
0.008017,    0.235020,    0.348307
0.008021,    0.235029,    0.348323
0.008025,    0.235037,    0.348338
0.008029,    0.235046,    0.348353
0.008033,    0.235055,    0.348369
0.008038,    0.235063,    0.348384
0.008042,    0.235072,    0.348400
0.008046,    0.235080,    0.348415
0.008050,    0.235089,    0.348430
0.008054,    0.235097,    0.348446
0.008058,    0.235106,    0.348461
0.008063,    0.235114,    0.348477
0.008067,    0.235123,    0.348492
0.008071,    0.235131,    0.348507
0.008075,    0.235140,    0.348523
0.008079,    0.235149,    0.348538
0.008083,    0.235157,    0.348553
0.008088,    0.235166,    0.348569
0.008092,    0.235174,    0.348584
0.008096,    0.235183,    0.348599
0.008100,    0.235191,    0.348615
0.008104,    0.235200,    0.348630
0.008108,    0.235208,    0.348645
0.008113,    0.235217,    0.348661
0.008117,    0.235225,    0.348676
0.008121,    0.235234,    0.348691
0.008125,    0.235242,    0.348707
0.008129,    0.235251,    0.348722
0.008133,    0.235259,    0.348737
0.008138,    0.235268,    0.348753
0.008142,    0.235276,    0.348768
0.008146,    0.235285,    0.348783
0.008150,    0.235293,    0.348798
0.008154,    0.235302,    0.348814
0.008158,    0.235310,    0.348829
0.008163,    0.235318,    0.348844
0.008167,    0.235327,    0.348859
0.008171,    0.235335,    0.348874
0.008175,    0.235344,    0.348890
0.008179,    0.235352,    0.348905
0.008183,    0.235361,    0.348920
0.008188,    0.235369,    0.348935
0.008192,    0.235378,    0.348951
0.008196,    0.235386,    0.348966
0.008200,    0.235395,    0.348981
0.008204,    0.235403,    0.348996
0.008208,    0.235411,    0.349011
0.008213,    0.235420,    0.349026
0.008217,    0.235428,    0.349042
0.008221,    0.235437,    0.349057
0.008225,    0.235445,    0.349072
0.008229,    0.235454,    0.349087
0.008233,    0.235462,    0.349102
0.008238,    0.235470,    0.349117
0.008242,    0.235479,    0.349133
0.008246,    0.235487,    0.349148
0.008250,    0.235496,    0.349163
0.008254,    0.235504,    0.349178
0.008258,    0.235512,    0.349193
0.008263,    0.235521,    0.349208
0.008267,    0.235529,    0.349223
0.008271,    0.235538,    0.349238
0.008275,    0.235546,    0.349253
0.008279,    0.235554,    0.349268
0.008283,    0.235563,    0.349283
0.008288,    0.235571,    0.349299
0.008292,    0.235580,    0.349314
0.008296,    0.235588,    0.349329
0.008300,    0.235596,    0.349344
0.008304,    0.235605,    0.349359
0.008308,    0.235613,    0.349374
0.008313,    0.235621,    0.349389
0.008317,    0.235630,    0.349404
0.008321,    0.235638,    0.349419
0.008325,    0.235646,    0.349434
0.008329,    0.235655,    0.349449
0.008333,    0.235663,    0.349464
